0.22313 0 0
0.22313 5.56805e-05 0
0.22313 0.000112753 0
0.22313 0.000171252 0
0.22313 0.000231214 0
0.22313 0.000292675 0
0.22313 0.000355672 0
0.22313 0.000420245 0
0.22313 0.000486431 0
0.22313 0.000554273 0
0.22313 0.00062381 0
0.22313 0.000695086 0
0.22313 0.000768143 0
0.22313 0.000843027 0
0.22313 0.000919784 0
0.22313 0.000998459 0
0.22313 0.0010791 0
0.22313 0.00116176 0
0.22313 0.00124648 0
0.22313 0.00133333 0
0.22313 0.00142234 0
0.22313 0.00151358 0
0.22313 0.0016071 0
0.22313 0.00170296 0
0.22313 0.00180121 0
0.22313 0.00190192 0
0.22313 0.00200515 0
0.22313 0.00211096 0
0.22313 0.00221941 0
0.22313 0.00233058 0
0.22313 0.00244452 0
0.22313 0.00256132 0
0.22313 0.00268103 0
0.22313 0.00280374 0
0.22313 0.00292951 0
0.22313 0.00305843 0
0.22313 0.00319057 0
0.22313 0.00332602 0
0.22313 0.00346485 0
0.22313 0.00360715 0
0.22313 0.00375301 0
0.22313 0.00390251 0
0.22313 0.00405576 0
0.22313 0.00421283 0
0.22313 0.00437383 0
0.22313 0.00453886 0
0.22313 0.00470801 0
0.22313 0.00488139 0
0.22313 0.00505911 0
0.22313 0.00524127 0
0.22313 0.00542798 0
0.22313 0.00561936 0
0.22313 0.00581552 0
0.22313 0.00601659 0
0.22313 0.00622269 0
0.22313 0.00643393 0
0.22313 0.00665046 0
0.22313 0.0068724 0
0.22313 0.00709989 0
0.22313 0.00733307 0
0.22313 0.00757208 0
0.22313 0.00781706 0
0.22313 0.00806817 0
0.22313 0.00832555 0
0.22313 0.00858937 0
0.22313 0.00885979 0
0.22313 0.00913696 0
0.22313 0.00942107 0
0.22313 0.00971227 0
0.22313 0.0100108 0
0.22313 0.0103167 0
0.22313 0.0106303 0
0.22313 0.0109517 0
0.22313 0.0112812 0
0.22313 0.0116189 0
0.22313 0.0119651 0
0.22313 0.0123199 0
0.22313 0.0126836 0
0.22313 0.0130563 0
0.22313 0.0134384 0
0.22313 0.0138301 0
0.22313 0.0142315 0
0.22313 0.014643 0
0.22313 0.0150647 0
0.22313 0.015497 0
0.22313 0.0159401 0
0.22313 0.0163943 0
0.22313 0.0168599 0
0.22313 0.017337 0
0.22313 0.0178261 0
0.22313 0.0183275 0
0.22313 0.0188413 0
0.22313 0.0193681 0
0.22313 0.0199079 0
0.22313 0.0204613 0
0.22313 0.0210285 0
0.22313 0.0216099 0
0.22313 0.0222059 0
0.22313 0.0228167 0
0.22313 0.0234428 0
0.22313 0.0240845 0
0.22313 0.0247423 0
0.22313 0.0254166 0
0.22313 0.0261077 0
0.22313 0.026816 0
0.22313 0.0275421 0
0.22313 0.0282863 0
0.22313 0.0290492 0
0.22313 0.0298311 0
0.22313 0.0306325 0
0.22313 0.031454 0
0.22313 0.0322961 0
0.22313 0.0331592 0
0.22313 0.0340438 0
0.22313 0.0349506 0
0.22313 0.03588 0
0.22313 0.0368327 0
0.22313 0.0378092 0
0.22313 0.0388101 0
0.22313 0.0398361 0
0.22313 0.0408876 0
0.22313 0.0419655 0
0.22313 0.0430703 0
0.22313 0.0442028 0
0.22313 0.0453635 0
0.22313 0.0465533 0
0.22313 0.0477728 0
0.22313 0.0490228 0
0.22313 0.050304 0
0.22313 0.0516173 0
0.22313 0.0529634 0
0.22313 0.0543432 0
0.22313 0.0557575 0
0.22313 0.0572071 0
0.22313 0.0586929 0
0.22313 0.0602159 0
0.22313 0.061777 0
0.22313 0.0633771 0
0.22313 0.0650172 0
0.22313 0.0666984 0
0.22313 0.0684215 0
0.22313 0.0701877 0
0.22313 0.0719981 0.000697064
0.22313 0.0738537 0.00155821
0.22313 0.0757557 0.00244172
0.22313 0.0777053 0.00334822
0.22313 0.0797036 0.0042783
0.22313 0.0817519 0.0052326
0.22313 0.0838514 0.00621178
0.22313 0.0860033 0.00721652
0.22313 0.0882091 0.00824747
0.22313 0.09047 0.00930538
0.22313 0.0927874 0.010391
0.22313 0.0951628 0.0115049
0.22313 0.0975976 0.0126481
0.22313 0.100093 0.0138213
0.22313 0.102651 0.0150253
0.22313 0.105273 0.0162619
0.22313 0.107961 0.0175317
0.22313 0.110715 0.0188351
0.22313 0.113539 0.0201731
0.22313 0.116433 0.0215464
0.22313 0.1194 0.022956
0.22313 0.12244 0.0244031
0.22313 0.125557 0.0258886
0.22313 0.128752 0.0274135
0.22313 0.132026 0.028979
0.22313 0.135382 0.0305863
0.22313 0.138823 0.0322364
0.22313 0.142349 0.0339734
0.22313 0.145963 0.035847
0.22313 0.149668 0.0377758
0.22313 0.153465 0.0397603
0.22313 0.157358 0.0418021
0.22313 0.161347 0.043903
0.22313 0.165437 0.0460648
0.22313 0.169628 0.0482894
0.22313 0.173925 0.0505788
0.22313 0.178328 0.0529348
0.22313 0.182842 0.0553604
0.22313 0.187469 0.0578569
0.22313 0.192211 0.0604264
0.22313 0.197072 0.063072
0.22313 0.202055 0.0657961
0.22313 0.207162 0.0686009
0.22313 0.212397 0.0716712
0.22313 0.217762 0.0751459
0.22313 0.223262 0.0787245
0.22313 0.228899 0.082399
0.22313 0.234677 0.0861721
0.22313 0.2406 0.0900467
0.22313 0.246671 0.0940256
0.22313 0.252893 0.0981115
0.22313 0.259271 0.102308
0.22313 0.265809 0.106677
0.22313 0.27251 0.111182
0.22313 0.279378 0.115811
0.22313 0.286418 0.120571
0.22313 0.293634 0.125465
0.22313 0.301031 0.130496
0.22313 0.308612 0.135667
0.22313 0.316383 0.140993
0.22313 0.324349 0.146516
0.22313 0.332513 0.152209
0.22313 0.340881 0.158065
0.22313 0.349459 0.164088
0.22313 0.358251 0.170343
0.22313 0.367263 0.176831
0.22313 0.376501 0.183502
0.22313 0.385969 0.190363
0.22313 0.395674 0.197417
0.22313 0.405621 0.204677
0.22313 0.415817 0.212201
0.22313 0.426268 0.220134
0.22313 0.436981 0.228308
0.22313 0.447961 0.236708
0.22313 0.459216 0.245342
0.22313 0.470752 0.254217
0.22313 0.482576 0.263353
0.22313 0.494696 0.272768
0.22313 0.507119 0.282462
0.22313 0.519853 0.292426
0.22313 0.532905 0.302675
0.22313 0.546283 0.313251
0.22313 0.559996 0.324156
0.22313 0.574052 0.335384
0.22313 0.588459 0.346927
0.22313 0.603226 0.358817
0.22313 0.618362 0.371112
0.22313 0.633877 0.383777
0.22313 0.64978 0.396801
0.22313 0.66608 0.410203
0.22313 0.682787 0.424039
0.22313 0.699913 0.438309
0.22313 0.717466 0.452989
0.22313 0.735459 0.468079
0.22313 0.753901 0.4836
0.22313 0.772804 0.499589
0.22313 0.79218 0.516034
0.22313 0.81204 0.532938
0.22313 0.832397 0.550348
0.22313 0.853262 0.568277
0.22313 0.874649 0.586718
0.22313 0.896571 0.605688
0.22313 0.919041 0.625225
0.22313 0.942073 0.645323
0.22313 0.965681 0.665987
0.22313 0.989878 0.687262
0.22313 1.01468 0.709147
0.22313 1.0401 0.731646
0.22313 1.06616 0.754775
0.22313 1.09287 0.778575
0.22313 1.12025 0.803045
0.22313 1.14831 0.8282
0.22313 1.17707 0.854073
0.22313 1.20656 0.880682
0.22313 1.23678 0.908037
0.22313 1.26775 0.936161
0.22313 1.2995 0.965069
0.22313 1.33204 0.994795
0.22313 1.3654 1.02535
0.22313 1.39959 1.05675
0.22313 1.43464 1.08902
0.22313 1.47056 1.12218
0.22313 1.50738 1.15627
0.22313 1.54512 1.1913
0.22313 1.5838 1.2273
0.22313 1.62345 1.26428
0.22313 1.6641 1.30228
0.22313 1.70575 1.34133
0.22313 1.74845 1.38144
0.22313 1.79222 1.42265
0.22313 1.83708 1.46498
0.22313 1.88306 1.50846
0.22313 1.9302 1.55313
0.22313 1.97851 1.599
0.22313 2.02802 1.64612
0.22313 2.07878 1.69451
0.22313 2.13081 1.7442
0.22313 2.18413 1.79523
0.22313 2.23879 1.84763
0.22313 2.29482 1.90143
0.22313 2.35224 1.95668
0.22313 2.4111 2.0134
0.22313 2.47144 2.07163
0.22313 2.53328 2.13141
0.22313 2.59667 2.19278
0.22313 2.66164 2.25578
0.22313 2.72824 2.32045
0.22313 2.7965 2.38683
0.22313 2.86647 2.45496
0.22313 2.93818 2.52488
0.22313 3.01169 2.59664
0.22313 3.08704 2.67029
0.22313 3.16427 2.74588
0.22313 3.24344 2.82344
0.22313 3.32458 2.90302
0.22313 3.40775 2.98469
0.22313 3.493 3.06848
0.22313 3.58038 3.15446
0.22313 3.66994 3.24267
0.22313 3.76175 3.33317
0.22313 3.85585 3.42602
0.22313 3.9523 3.52127
0.22313 4.05116 3.61898
0.22313 4.1525 3.71921
0.22313 4.25636 3.82203
0.22313 4.36283 3.92749
0.22313 4.47195 4.03566
0.22313 4.58381 4.14661
0.22313 4.69846 4.26041
0.22313 4.81598 4.37713
0.22313 4.93643 4.49683
0.22313 5.0599 4.61959
0.22313 5.18645 4.74549
0.22313 5.31617 4.87459
0.22313 5.44913 5.00699
0.22313 5.58541 5.14276
0.22313 5.7251 5.28198
0.22313 5.86829 5.42473
0.22313 6.01505 5.57111
0.22313 6.16548 5.7212
0.22313 6.31967 5.8751
0.22313 6.47772 6.03289
0.22313 6.63972 6.19468
0.22313 6.80577 6.36055
0.22313 6.97597 6.53061
0.22313 7.15042 6.70497
0.22313 7.32924 6.88372
0.22313 7.51253 7.06698
0.22313 7.7004 7.25486
0.22313 7.89296 7.44747
0.22313 8.09034 7.64492
0.22313 8.29266 7.84734
0.22313 8.50003 8.05485
0.22313 8.71258 8.26758
0.22313 8.93045 8.48565
0.22313 9.15377 8.7092
0.22313 9.38267 8.93836
0.22313 9.61729 9.17327
0.22313 9.85778 9.41408
0.22313 10.1043 9.66093
0.22313 10.3569 9.91396
0.22313 10.6159 10.1733
0.22313 10.8814 10.4392
0.22313 11.1535 10.7118
0.22313 11.4324 10.9911
0.22313 11.7182 11.2775
0.22313 12.0112 11.5711
0.22313 12.3116 11.872
0.22313 12.6194 12.1804
0.22313 12.935 12.4966
0.22313 13.2584 12.8206
0.22313 13.5899 13.1528
0.22313 13.9297 13.4933
0.22313 14.278 13.8424
0.22313 14.635 14.2002
0.22313 15.0009 14.5669
0.22313 15.376 14.9428
0.22313 15.7605 15.3281
0.22313 16.1545 15.7231
0.22313 16.5585 16.1279
0.22313 16.9725 16.5429
0.22313 17.3969 16.9683
0.22313 17.8318 17.4043
0.22313 18.2777 17.8512
0.22313 18.7347 18.3093
0.22313 19.2031 18.7789
0.22313 19.6832 19.2602
0.22313 20.1754 19.7536
0.22313 20.6798 20.2593
0.22313 21.1969 20.7777
0.22313 21.7268 21.309
0.22313 22.2701 21.8536
0.22313 22.8269 22.4119
0.22313 23.3976 22.9841
0.22313 23.9826 23.5707
0.22313 24.5822 24.1719
0.22313 25.1968 24.7882
0.22313 25.8268 25.4199
0.22313 26.4725 26.0673
0.22313 27.1344 26.731
0.22313 27.8128 27.4113
0.22313 28.5082 28.1086
0.22313 29.2209 28.8234
0.22313 29.9515 29.556
0.22313 30.7004 30.307
0.22313 31.4679 31.0768
0.22313 32.2547 31.8658
0.22313 33.0611 32.6745
0.22313 33.8877 33.5035
0.22313 34.7349 34.3532
0.22313 35.6034 35.2242
0.22313 36.4935 36.1169
0.22313 37.4059 37.032
0.22313 38.3411 37.97
0.22313 39.2997 38.9314
0.22313 40.2822 39.9169
0.22313 41.2894 40.927
0.22313 42.3216 41.9624
0.22313 43.3797 43.0237
0.22313 44.4643 44.1115
0.22313 45.576 45.2265
0.22313 46.7154 46.3694
0.22313 47.8833 47.5409
0.22313 49.0805 48.7417
0.22313 50.3076 49.9726
0.22313 51.5653 51.2342
0.22313 52.8545 52.5274
0.22313 54.1759 53.8529
0.22313 55.5304 55.2115
0.22313 56.9187 56.6042
0.22313 58.3417 58.0316
0.22313 59.8003 59.4948
0.22313 61.2954 60.9945
0.22313 62.8278 62.5318
0.22313 64.3986 64.1074
0.22313 66.0086 65.7225
0.22313 67.6588 67.378
0.22313 69.3504 69.0749
0.22313 71.0842 70.8142
0.22313 72.8613 72.597
0.22313 74.6829 74.4243
0.22313 76.5501 76.2974
0.22313 78.4639 78.2173
0.22313 80.4255 80.1852
0.22313 82.4362 82.2023
0.22313 84.4972 84.2699
0.22313 86.6097 86.3891
0.22313 88.775 88.5614
0.22313 90.9944 90.7879
0.22313 93.2693 93.0701
0.22313 95.6011 95.4094
0.22313 97.9912 97.8072
0.22313 100.441 100.265
0.22313 102.952 102.784
0.22313 105.526 105.366
0.22313 108.164 108.013
0.22313 110.868 110.726
0.22313 113.64 113.507
0.22313 116.481 116.357
0.22313 119.393 119.278
0.22313 122.378 122.273
0.22313 125.438 125.342
0.22313 128.574 128.489
0.22313 131.788 131.713
0.22313 135.083 135.019
0.22313 138.46 138.407
0.22313 141.921 141.88
0.22313 145.47 145.44
0.22313 149.106 149.088
0.22313 152.834 152.828
0.22313 156.655 156.661
0.22313 160.571 160.591
0.22313 164.586 164.618
0.22313 168.7 168.746
0.22313 172.918 172.978
0.22313 177.241 177.315
0.22313 181.672 181.76
0.22313 186.214 186.317
0.22313 190.869 190.988
0.22313 195.641 195.775
0.22313 200.532 200.682
0.22313 205.546 205.712
0.22313 210.684 210.867
0.22313 215.951 216.152
0.22313 221.35 221.568
0.22313 226.884 227.12
0.22313 232.556 232.811
0.22313 238.37 238.644
0.22313 244.329 244.623
0.22313 250.438 250.751
0.22313 256.699 257.033
0.22313 263.116 263.471
0.22313 269.694 270.071
0.22313 276.437 276.836
0.22313 283.348 283.769
0.22313 290.431 290.876
0.22313 297.692 298.161
0.22313 305.135 305.628
0.22313 312.763 313.281
0.22313 320.582 321.126
0.22313 328.597 329.167
0.22313 336.812 337.409
0.22313 345.232 345.857
0.22313 353.863 354.516
0.22313 362.71 363.392
0.22313 371.777 372.49
0.22313 381.072 381.815
0.22313 390.599 391.373
0.22313 400.364 401.17
0.22313 410.373 411.212
0.22313 420.632 421.505
0.22313 431.148 432.056
0.22313 441.927 442.87
0.22313 452.975 453.954
0.22313 464.3 465.316
0.22313 475.907 476.962
0.22313 487.805 488.899
0.22313 500 501.134

0.367879 0 0
0.367879 5.56805e-05 0
0.367879 0.000112753 0
0.367879 0.000171252 0
0.367879 0.000231214 0
0.367879 0.000292675 0
0.367879 0.000355672 0
0.367879 0.000420245 0
0.367879 0.000486431 0
0.367879 0.000554273 0
0.367879 0.00062381 0
0.367879 0.000695086 0
0.367879 0.000768143 0
0.367879 0.000843027 0
0.367879 0.000919784 0
0.367879 0.000998459 0
0.367879 0.0010791 0
0.367879 0.00116176 0
0.367879 0.00124648 0
0.367879 0.00133333 0
0.367879 0.00142234 0
0.367879 0.00151358 0
0.367879 0.0016071 0
0.367879 0.00170296 0
0.367879 0.00180121 0
0.367879 0.00190192 0
0.367879 0.00200515 0
0.367879 0.00211096 0
0.367879 0.00221941 0
0.367879 0.00233058 0
0.367879 0.00244452 0
0.367879 0.00256132 0
0.367879 0.00268103 0
0.367879 0.00280374 0
0.367879 0.00292951 0
0.367879 0.00305843 0
0.367879 0.00319057 0
0.367879 0.00332602 0
0.367879 0.00346485 0
0.367879 0.00360715 0
0.367879 0.00375301 0
0.367879 0.00390251 0
0.367879 0.00405576 0
0.367879 0.00421283 0
0.367879 0.00437383 0
0.367879 0.00453886 0
0.367879 0.00470801 0
0.367879 0.00488139 0
0.367879 0.00505911 0
0.367879 0.00524127 0
0.367879 0.00542798 0
0.367879 0.00561936 0
0.367879 0.00581552 0
0.367879 0.00601659 0
0.367879 0.00622269 0
0.367879 0.00643393 0
0.367879 0.00665046 0
0.367879 0.0068724 0
0.367879 0.00709989 0
0.367879 0.00733307 0
0.367879 0.00757208 0
0.367879 0.00781706 0
0.367879 0.00806817 0
0.367879 0.00832555 0
0.367879 0.00858937 0
0.367879 0.00885979 0
0.367879 0.00913696 0
0.367879 0.00942107 0
0.367879 0.00971227 0
0.367879 0.0100108 0
0.367879 0.0103167 0
0.367879 0.0106303 0
0.367879 0.0109517 0
0.367879 0.0112812 0
0.367879 0.0116189 0
0.367879 0.0119651 0
0.367879 0.0123199 0
0.367879 0.0126836 0
0.367879 0.0130563 0
0.367879 0.0134384 0
0.367879 0.0138301 0
0.367879 0.0142315 0
0.367879 0.014643 0
0.367879 0.0150647 0
0.367879 0.015497 0
0.367879 0.0159401 0
0.367879 0.0163943 0
0.367879 0.0168599 0
0.367879 0.017337 0
0.367879 0.0178261 0
0.367879 0.0183275 0
0.367879 0.0188413 0
0.367879 0.0193681 0
0.367879 0.0199079 0
0.367879 0.0204613 0
0.367879 0.0210285 0
0.367879 0.0216099 0
0.367879 0.0222059 0
0.367879 0.0228167 0
0.367879 0.0234428 0
0.367879 0.0240845 0
0.367879 0.0247423 0
0.367879 0.0254166 0
0.367879 0.0261077 0
0.367879 0.026816 0
0.367879 0.0275421 0
0.367879 0.0282863 0
0.367879 0.0290492 0
0.367879 0.0298311 0
0.367879 0.0306325 0
0.367879 0.031454 0
0.367879 0.0322961 0
0.367879 0.0331592 0
0.367879 0.0340438 0.000301481
0.367879 0.0349506 0.000720317
0.367879 0.03588 0.00115001
0.367879 0.0368327 0.00159086
0.367879 0.0378092 0.00204317
0.367879 0.0388101 0.00250724
0.367879 0.0398361 0.00298341
0.367879 0.0408876 0.00347198
0.367879 0.0419655 0.00397329
0.367879 0.0430703 0.00448769
0.367879 0.0442028 0.00501552
0.367879 0.0453635 0.00555717
0.367879 0.0465533 0.006113
0.367879 0.0477728 0.00668338
0.367879 0.0490228 0.00726874
0.367879 0.050304 0.00786947
0.367879 0.0516173 0.00848601
0.367879 0.0529634 0.00911876
0.367879 0.0543432 0.00976821
0.367879 0.0557575 0.0104348
0.367879 0.0572071 0.011119
0.367879 0.0586929 0.0118212
0.367879 0.0602159 0.0125421
0.367879 0.061777 0.0132821
0.367879 0.0633771 0.0140417
0.367879 0.0650172 0.0148215
0.367879 0.0666984 0.0156235
0.367879 0.0684215 0.0164485
0.367879 0.0701877 0.0172965
0.367879 0.0719981 0.0181676
0.367879 0.0738537 0.0190622
0.367879 0.0757557 0.0199809
0.367879 0.0777053 0.0209243
0.367879 0.0797036 0.0218933
0.367879 0.0817519 0.0228884
0.367879 0.0838514 0.0239106
0.367879 0.0860033 0.0249606
0.367879 0.0882091 0.026039
0.367879 0.09047 0.0271469
0.367879 0.0927874 0.0282849
0.367879 0.0951628 0.0294543
0.367879 0.0975976 0.0306555
0.367879 0.100093 0.03189
0.367879 0.102651 0.0331581
0.367879 0.105273 0.0345949
0.367879 0.107961 0.0361025
0.367879 0.110715 0.0376535
0.367879 0.113539 0.0392496
0.367879 0.116433 0.0408914
0.367879 0.1194 0.0425815
0.367879 0.12244 0.0443202
0.367879 0.125557 0.0461099
0.367879 0.128752 0.0479513
0.367879 0.132026 0.0498469
0.367879 0.135382 0.0517975
0.367879 0.138823 0.0538056
0.367879 0.142349 0.0558721
0.367879 0.145963 0.0579999
0.367879 0.149668 0.0601894
0.367879 0.153465 0.0624444
0.367879 0.157358 0.0647651
0.367879 0.161347 0.0671553
0.367879 0.165437 0.0696171
0.367879 0.169628 0.0723082
0.367879 0.173925 0.0751653
0.367879 0.178328 0.0781015
0.367879 0.182842 0.0811179
0.367879 0.187469 0.0842162
0.367879 0.192211 0.0873989
0.367879 0.197072 0.090668
0.367879 0.202055 0.0940267
0.367879 0.207162 0.0974766
0.367879 0.212397 0.101022
0.367879 0.217762 0.104699
0.367879 0.223262 0.108519
0.367879 0.228899 0.112449
0.367879 0.234677 0.116488
0.367879 0.2406 0.120649
0.367879 0.246671 0.124927
0.367879 0.252893 0.129326
0.367879 0.259271 0.13385
0.367879 0.265809 0.138501
0.367879 0.27251 0.143299
0.367879 0.279378 0.148251
0.367879 0.286418 0.153342
0.367879 0.293634 0.15858
0.367879 0.301031 0.163968
0.367879 0.308612 0.169563
0.367879 0.316383 0.175383
0.367879 0.324349 0.181366
0.367879 0.332513 0.187515
0.367879 0.340881 0.193839
0.367879 0.349459 0.200342
0.367879 0.358251 0.207034
0.367879 0.367263 0.213975
0.367879 0.376501 0.221179
0.367879 0.385969 0.228593
0.367879 0.395674 0.236215
0.367879 0.405621 0.24405
0.367879 0.415817 0.252105
0.367879 0.426268 0.260392
0.367879 0.436981 0.268928
0.367879 0.447961 0.277715
0.367879 0.459216 0.286748
0.367879 0.470752 0.296038
0.367879 0.482576 0.305599
0.367879 0.494696 0.315463
0.367879 0.507119 0.325624
0.367879 0.519853 0.336073
0.367879 0.532905 0.346814
0.367879 0.546283 0.357862
0.367879 0.559996 0.369266
0.367879 0.574052 0.381021
0.367879 0.588459 0.393108
0.367879 0.603226 0.405531
0.367879 0.618362 0.418317
0.367879 0.633877 0.431488
0.367879 0.64978 0.445035
0.367879 0.66608 0.458966
0.367879 0.682787 0.473292
0.367879 0.699913 0.488025
0.367879 0.717466 0.503184
0.367879 0.735459 0.518769
0.367879 0.753901 0.534792
0.367879 0.772804 0.551277
0.367879 0.79218 0.568242
0.367879 0.81204 0.585685
0.367879 0.832397 0.603613
0.367879 0.853262 0.622061
0.367879 0.874649 0.641031
0.367879 0.896571 0.66053
0.367879 0.919041 0.680578
0.367879 0.942073 0.70119
0.367879 0.965681 0.722381
0.367879 0.989878 0.744158
0.367879 1.01468 0.766542
0.367879 1.0401 0.789552
0.367879 1.06616 0.8132
0.367879 1.09287 0.837508
0.367879 1.12025 0.862493
0.367879 1.14831 0.888166
0.367879 1.17707 0.914548
0.367879 1.20656 0.941658
0.367879 1.23678 0.96952
0.367879 1.26775 0.998146
0.367879 1.2995 1.02756
0.367879 1.33204 1.05777
0.367879 1.3654 1.08881
0.367879 1.39959 1.1207
0.367879 1.43464 1.15346
0.367879 1.47056 1.18711
0.367879 1.50738 1.22168
0.367879 1.54512 1.25718
0.367879 1.5838 1.29365
0.367879 1.62345 1.33109
0.367879 1.6641 1.36956
0.367879 1.70575 1.40906
0.367879 1.74845 1.44963
0.367879 1.79222 1.49128
0.367879 1.83708 1.53405
0.367879 1.88306 1.57797
0.367879 1.9302 1.62306
0.367879 1.97851 1.66936
0.367879 2.02802 1.7169
0.367879 2.07878 1.7657
0.367879 2.13081 1.81579
0.367879 2.18413 1.86722
0.367879 2.23879 1.92001
0.367879 2.29482 1.97419
0.367879 2.35224 2.02982
0.367879 2.4111 2.08691
0.367879 2.47144 2.14551
0.367879 2.53328 2.20565
0.367879 2.59667 2.26737
0.367879 2.66164 2.33071
0.367879 2.72824 2.39571
0.367879 2.7965 2.46241
0.367879 2.86647 2.53085
0.367879 2.93818 2.60109
0.367879 3.01169 2.67316
0.367879 3.08704 2.7471
0.367879 3.16427 2.82297
0.367879 3.24344 2.90081
0.367879 3.32458 2.98067
0.367879 3.40775 3.0626
0.367879 3.493 3.14664
0.367879 3.58038 3.23286
0.367879 3.66994 3.32131
0.367879 3.76175 3.41204
0.367879 3.85585 3.50511
0.367879 3.9523 3.60058
0.367879 4.05116 3.69849
0.367879 4.1525 3.79893
0.367879 4.25636 3.90193
0.367879 4.36283 4.00758
0.367879 4.47195 4.11593
0.367879 4.58381 4.22705
0.367879 4.69846 4.34101
0.367879 4.81598 4.45787
0.367879 4.93643 4.57772
0.367879 5.0599 4.70062
0.367879 5.18645 4.82665
0.367879 5.31617 4.95588
0.367879 5.44913 5.0884
0.367879 5.58541 5.22428
0.367879 5.7251 5.3636
0.367879 5.86829 5.50646
0.367879 6.01505 5.65293
0.367879 6.16548 5.80311
0.367879 6.31967 5.95709
0.367879 6.47772 6.11496
0.367879 6.63972 6.27681
0.367879 6.80577 6.44275
0.367879 6.97597 6.61287
0.367879 7.15042 6.78728
0.367879 7.32924 6.96609
0.367879 7.51253 7.1494
0.367879 7.7004 7.33732
0.367879 7.89296 7.52997
0.367879 8.09034 7.72746
0.367879 8.29266 7.92992
0.367879 8.50003 8.13746
0.367879 8.71258 8.35021
0.367879 8.93045 8.56831
0.367879 9.15377 8.79188
0.367879 9.38267 9.02106
0.367879 9.61729 9.25599
0.367879 9.85778 9.49681
0.367879 10.1043 9.74368
0.367879 10.3569 9.99672
0.367879 10.6159 10.2561
0.367879 10.8814 10.522
0.367879 11.1535 10.7946
0.367879 11.4324 11.0739
0.367879 11.7182 11.3603
0.367879 12.0112 11.6539
0.367879 12.3116 11.9548
0.367879 12.6194 12.2632
0.367879 12.935 12.5794
0.367879 13.2584 12.9035
0.367879 13.5899 13.2357
0.367879 13.9297 13.5762
0.367879 14.278 13.9252
0.367879 14.635 14.283
0.367879 15.0009 14.6497
0.367879 15.376 15.0256
0.367879 15.7605 15.4109
0.367879 16.1545 15.8059
0.367879 16.5585 16.2107
0.367879 16.9725 16.6257
0.367879 17.3969 17.0511
0.367879 17.8318 17.4871
0.367879 18.2777 17.934
0.367879 18.7347 18.3921
0.367879 19.2031 18.8617
0.367879 19.6832 19.343
0.367879 20.1754 19.8364
0.367879 20.6798 20.3421
0.367879 21.1969 20.8605
0.367879 21.7268 21.3918
0.367879 22.2701 21.9364
0.367879 22.8269 22.4947
0.367879 23.3976 23.0669
0.367879 23.9826 23.6535
0.367879 24.5822 24.2547
0.367879 25.1968 24.871
0.367879 25.8268 25.5027
0.367879 26.4725 26.1501
0.367879 27.1344 26.8138
0.367879 27.8128 27.4941
0.367879 28.5082 28.1914
0.367879 29.2209 28.9062
0.367879 29.9515 29.6388
0.367879 30.7004 30.3898
0.367879 31.4679 31.1595
0.367879 32.2547 31.9485
0.367879 33.0611 32.7573
0.367879 33.8877 33.5862
0.367879 34.7349 34.4359
0.367879 35.6034 35.3069
0.367879 36.4935 36.1997
0.367879 37.4059 37.1147
0.367879 38.3411 38.0527
0.367879 39.2997 39.0141
0.367879 40.2822 39.9996
0.367879 41.2894 41.0097
0.367879 42.3216 42.0451
0.367879 43.3797 43.1064
0.367879 44.4643 44.1942
0.367879 45.576 45.3092
0.367879 46.7154 46.4521
0.367879 47.8833 47.6237
0.367879 49.0805 48.8245
0.367879 50.3076 50.0553
0.367879 51.5653 51.3169
0.367879 52.8545 52.6101
0.367879 54.1759 53.9356
0.367879 55.5304 55.2942
0.367879 56.9187 56.6868
0.367879 58.3417 58.1143
0.367879 59.8003 59.5774
0.367879 61.2954 61.0772
0.367879 62.8278 62.6144
0.367879 64.3986 64.1901
0.367879 66.0086 65.8052
0.367879 67.6588 67.4606
0.367879 69.3504 69.1575
0.367879 71.0842 70.8968
0.367879 72.8613 72.6796
0.367879 74.6829 74.507
0.367879 76.5501 76.38
0.367879 78.4639 78.2999
0.367879 80.4255 80.2678
0.367879 82.4362 82.2849
0.367879 84.4972 84.3525
0.367879 86.6097 86.4717
0.367879 88.775 88.644
0.367879 90.9944 90.8705
0.367879 93.2693 93.1527
0.367879 95.6011 95.492
0.367879 97.9912 97.8898
0.367879 100.441 100.348
0.367879 102.952 102.867
0.367879 105.526 105.449
0.367879 108.164 108.096
0.367879 110.868 110.808
0.367879 113.64 113.589
0.367879 116.481 116.439
0.367879 119.393 119.361
0.367879 122.378 122.356
0.367879 125.438 125.425
0.367879 128.574 128.571
0.367879 131.788 131.796
0.367879 135.083 135.101
0.367879 138.46 138.49
0.367879 141.921 141.962
0.367879 145.47 145.522
0.367879 149.106 149.171
0.367879 152.834 152.911
0.367879 156.655 156.744
0.367879 160.571 160.673
0.367879 164.586 164.701
0.367879 168.7 168.829
0.367879 172.918 173.06
0.367879 177.241 177.397
0.367879 181.672 181.843
0.367879 186.214 186.399
0.367879 190.869 191.07
0.367879 195.641 195.857
0.367879 200.532 200.765
0.367879 205.546 205.794
0.367879 210.684 210.95
0.367879 215.951 216.234
0.367879 221.35 221.651
0.367879 226.884 227.203
0.367879 232.556 232.894
0.367879 238.37 238.727
0.367879 244.329 244.705
0.367879 250.438 250.834
0.367879 256.699 257.115
0.367879 263.116 263.554
0.367879 269.694 270.153
0.367879 276.437 276.918
0.367879 283.348 283.852
0.367879 290.431 290.959
0.367879 297.692 298.243
0.367879 305.135 305.71
0.367879 312.763 313.364
0.367879 320.582 321.208
0.367879 328.597 329.249
0.367879 336.812 337.491
0.367879 345.232 345.939
0.367879 353.863 354.599
0.367879 362.71 363.474
0.367879 371.777 372.572
0.367879 381.072 381.897
0.367879 390.599 391.455
0.367879 400.364 401.252
0.367879 410.373 411.294
0.367879 420.632 421.588
0.367879 431.148 432.138
0.367879 441.927 442.952
0.367879 452.975 454.037
0.367879 464.3 465.399
0.367879 475.907 477.044
0.367879 487.805 488.981
0.367879 500 501.216

0.606531 0 0.0246743
0.606531 5.56805e-05 0.024705
0.606531 0.000112753 0.0247363
0.606531 0.000171252 0.0247685
0.606531 0.000231214 0.0248015
0.606531 0.000292675 0.0248354
0.606531 0.000355672 0.0248701
0.606531 0.000420245 0.0249056
0.606531 0.000486431 0.0249421
0.606531 0.000554273 0.0249794
0.606531 0.00062381 0.0250177
0.606531 0.000695086 0.025057
0.606531 0.000768143 0.0250972
0.606531 0.000843027 0.0251385
0.606531 0.000919784 0.0251807
0.606531 0.000998459 0.025224
0.606531 0.0010791 0.0252685
0.606531 0.00116176 0.025314
0.606531 0.00124648 0.0253606
0.606531 0.00133333 0.0254084
0.606531 0.00142234 0.0254575
0.606531 0.00151358 0.0255079
0.606531 0.0016071 0.0255595
0.606531 0.00170296 0.0256124
0.606531 0.00180121 0.0256666
0.606531 0.00190192 0.0257221
0.606531 0.00200515 0.0257791
0.606531 0.00211096 0.0258375
0.606531 0.00221941 0.0258973
0.606531 0.00233058 0.0259586
0.606531 0.00244452 0.0260215
0.606531 0.00256132 0.0260859
0.606531 0.00268103 0.0261521
0.606531 0.00280374 0.0262199
0.606531 0.00292951 0.0262894
0.606531 0.00305843 0.0263607
0.606531 0.00319057 0.0264337
0.606531 0.00332602 0.0265086
0.606531 0.00346485 0.0265854
0.606531 0.00360715 0.026664
0.606531 0.00375301 0.0267447
0.606531 0.00390251 0.0268273
0.606531 0.00405576 0.0269122
0.606531 0.00421283 0.0269992
0.606531 0.00437383 0.0270884
0.606531 0.00453886 0.0271798
0.606531 0.00470801 0.0272734
0.606531 0.00488139 0.0273695
0.606531 0.00505911 0.0274679
0.606531 0.00524127 0.0275688
0.606531 0.00542798 0.0276725
0.606531 0.00561936 0.0277787
0.606531 0.00581552 0.0278875
0.606531 0.00601659 0.0279991
0.606531 0.00622269 0.0281135
0.606531 0.00643393 0.0282308
0.606531 0.00665046 0.0283511
0.606531 0.0068724 0.0284745
0.606531 0.00709989 0.028601
0.606531 0.00733307 0.0287306
0.606531 0.00757208 0.0288635
0.606531 0.00781706 0.0289998
0.606531 0.00806817 0.0291396
0.606531 0.00832555 0.029283
0.606531 0.00858937 0.0294301
0.606531 0.00885979 0.0295808
0.606531 0.00913696 0.0297353
0.606531 0.00942107 0.0298937
0.606531 0.00971227 0.0300563
0.606531 0.0100108 0.030223
0.606531 0.0103167 0.0303939
0.606531 0.0106303 0.030569
0.606531 0.0109517 0.0307488
0.606531 0.0112812 0.0309332
0.606531 0.0116189 0.0311222
0.606531 0.0119651 0.0313159
0.606531 0.0123199 0.0315147
0.606531 0.0126836 0.0317186
0.606531 0.0130563 0.0319277
0.606531 0.0134384 0.032142
0.606531 0.0138301 0.0323618
0.606531 0.0142315 0.0325875
0.606531 0.014643 0.0328188
0.606531 0.0150647 0.0330559
0.606531 0.015497 0.0333122
0.606531 0.0159401 0.0335849
0.606531 0.0163943 0.0338645
0.606531 0.0168599 0.0341549
0.606531 0.017337 0.0344592
0.606531 0.0178261 0.0347711
0.606531 0.0183275 0.035091
0.606531 0.0188413 0.0354193
0.606531 0.0193681 0.0357558
0.606531 0.0199079 0.0361012
0.606531 0.0204613 0.0364555
0.606531 0.0210285 0.0368186
0.606531 0.0216099 0.0371914
0.606531 0.0222059 0.0375736
0.606531 0.0228167 0.0379657
0.606531 0.0234428 0.0383681
0.606531 0.0240845 0.0387805
0.606531 0.0247423 0.039204
0.606531 0.0254166 0.0396381
0.606531 0.0261077 0.0400836
0.606531 0.026816 0.0405407
0.606531 0.0275421 0.0410095
0.606531 0.0282863 0.0414907
0.606531 0.0290492 0.041984
0.606531 0.0298311 0.0424907
0.606531 0.0306325 0.0430101
0.606531 0.031454 0.0435434
0.606531 0.0322961 0.0440901
0.606531 0.0331592 0.0446515
0.606531 0.0340438 0.0452271
0.606531 0.0349506 0.0458181
0.606531 0.03588 0.0464242
0.606531 0.0368327 0.0470465
0.606531 0.0378092 0.0476846
0.606531 0.0388101 0.0483401
0.606531 0.0398361 0.0490121
0.606531 0.0408876 0.0497024
0.606531 0.0419655 0.0504101
0.606531 0.0430703 0.051137
0.606531 0.0442028 0.0518826
0.606531 0.0453635 0.052648
0.606531 0.0465533 0.0534335
0.606531 0.0477728 0.0542395
0.606531 0.0490228 0.0550674
0.606531 0.050304 0.0559166
0.606531 0.0516173 0.0567886
0.606531 0.0529634 0.0576835
0.606531 0.0543432 0.0586018
0.606531 0.0557575 0.0595451
0.606531 0.0572071 0.0605129
0.606531 0.0586929 0.0615066
0.606531 0.0602159 0.0625269
0.606531 0.061777 0.0635739
0.606531 0.0633771 0.0646492
0.606531 0.0650172 0.0657533
0.606531 0.0666984 0.0668865
0.606531 0.0684215 0.068051
0.606531 0.0701877 0.0692467
0.606531 0.0719981 0.0704822
0.606531 0.0738537 0.0717788
0.606531 0.0757557 0.0731207
0.606531 0.0777053 0.074501
0.606531 0.0797036 0.0759185
0.606531 0.0817519 0.0773739
0.606531 0.0838514 0.0788677
0.606531 0.0860033 0.0804006
0.606531 0.0882091 0.0819737
0.606531 0.09047 0.0835883
0.606531 0.0927874 0.0852455
0.606531 0.0951628 0.0869462
0.606531 0.0975976 0.0886916
0.606531 0.100093 0.0904828
0.606531 0.102651 0.0923218
0.606531 0.105273 0.0942094
0.606531 0.107961 0.0961468
0.606531 0.110715 0.0981352
0.606531 0.113539 0.100176
0.606531 0.116433 0.102272
0.606531 0.1194 0.104448
0.606531 0.12244 0.106692
0.606531 0.125557 0.108999
0.606531 0.128752 0.111367
0.606531 0.132026 0.113798
0.606531 0.135382 0.116294
0.606531 0.138823 0.118865
0.606531 0.142349 0.121506
0.606531 0.145963 0.12422
0.606531 0.149668 0.127007
0.606531 0.153465 0.129869
0.606531 0.157358 0.132808
0.606531 0.161347 0.135827
0.606531 0.165437 0.138929
0.606531 0.169628 0.142118
0.606531 0.173925 0.145398
0.606531 0.178328 0.148767
0.606531 0.182842 0.152228
0.606531 0.187469 0.155782
0.606531 0.192211 0.159434
0.606531 0.197072 0.163185
0.606531 0.202055 0.167056
0.606531 0.207162 0.171063
0.606531 0.212397 0.175193
0.606531 0.217762 0.179435
0.606531 0.223262 0.183791
0.606531 0.228899 0.188264
0.606531 0.234677 0.192857
0.606531 0.2406 0.197575
0.606531 0.246671 0.202427
0.606531 0.252893 0.207419
0.606531 0.259271 0.21256
0.606531 0.265809 0.21786
0.606531 0.27251 0.223312
0.606531 0.279378 0.228912
0.606531 0.286418 0.234663
0.606531 0.293634 0.240571
0.606531 0.301031 0.246641
0.606531 0.308612 0.252878
0.606531 0.316383 0.259289
0.606531 0.324349 0.265883
0.606531 0.332513 0.272663
0.606531 0.340881 0.279631
0.606531 0.349459 0.286787
0.606531 0.358251 0.294138
0.606531 0.367263 0.30169
0.606531 0.376501 0.309462
0.606531 0.385969 0.317462
0.606531 0.395674 0.325683
0.606531 0.405621 0.33413
0.606531 0.415817 0.342807
0.606531 0.426268 0.351719
0.606531 0.436981 0.360881
0.606531 0.447961 0.370309
0.606531 0.459216 0.38001
0.606531 0.470752 0.38998
0.606531 0.482576 0.400222
0.606531 0.494696 0.410741
0.606531 0.507119 0.42155
0.606531 0.519853 0.432659
0.606531 0.532905 0.444078
0.606531 0.546283 0.455814
0.606531 0.559996 0.467872
0.606531 0.574052 0.480258
0.606531 0.588459 0.492987
0.606531 0.603226 0.506067
0.606531 0.618362 0.519505
0.606531 0.633877 0.53331
0.606531 0.64978 0.547495
0.606531 0.66608 0.562076
0.606531 0.682787 0.577059
0.606531 0.699913 0.592449
0.606531 0.717466 0.608257
0.606531 0.735459 0.6245
0.606531 0.753901 0.641187
0.606531 0.772804 0.65833
0.606531 0.79218 0.675941
0.606531 0.81204 0.694031
0.606531 0.832397 0.712611
0.606531 0.853262 0.731696
0.606531 0.874649 0.751298
0.606531 0.896571 0.771432
0.606531 0.919041 0.792115
0.606531 0.942073 0.813359
0.606531 0.965681 0.835175
0.606531 0.989878 0.857583
0.606531 1.01468 0.880596
0.606531 1.0401 0.904229
0.606531 1.06616 0.9285
0.606531 1.09287 0.953424
0.606531 1.12025 0.979017
0.606531 1.14831 1.0053
0.606531 1.17707 1.03228
0.606531 1.20656 1.05999
0.606531 1.23678 1.08844
0.606531 1.26775 1.11766
0.606531 1.2995 1.14765
0.606531 1.33204 1.17845
0.606531 1.3654 1.21006
0.606531 1.39959 1.24252
0.606531 1.43464 1.27585
0.606531 1.47056 1.31006
0.606531 1.50738 1.34517
0.606531 1.54512 1.38123
0.606531 1.5838 1.41823
0.606531 1.62345 1.45622
0.606531 1.6641 1.49521
0.606531 1.70575 1.53523
0.606531 1.74845 1.57631
0.606531 1.79222 1.61847
0.606531 1.83708 1.66174
0.606531 1.88306 1.70615
0.606531 1.9302 1.75173
0.606531 1.97851 1.79851
0.606531 2.02802 1.84651
0.606531 2.07878 1.89577
0.606531 2.13081 1.94632
0.606531 2.18413 1.9982
0.606531 2.23879 2.05143
0.606531 2.29482 2.10605
0.606531 2.35224 2.1621
0.606531 2.4111 2.2196
0.606531 2.47144 2.2786
0.606531 2.53328 2.33914
0.606531 2.59667 2.40124
0.606531 2.66164 2.46496
0.606531 2.72824 2.53033
0.606531 2.7965 2.5974
0.606531 2.86647 2.6662
0.606531 2.93818 2.73678
0.606531 3.01169 2.80918
0.606531 3.08704 2.88345
0.606531 3.16427 2.95964
0.606531 3.24344 3.03779
0.606531 3.32458 3.11795
0.606531 3.40775 3.20017
0.606531 3.493 3.2845
0.606531 3.58038 3.37099
0.606531 3.66994 3.45971
0.606531 3.76175 3.55069
0.606531 3.85585 3.644
0.606531 3.9523 3.7397
0.606531 4.05116 3.83785
0.606531 4.1525 3.93849
0.606531 4.25636 4.04171
0.606531 4.36283 4.14756
0.606531 4.47195 4.2561
0.606531 4.58381 4.36741
0.606531 4.69846 4.48154
0.606531 4.81598 4.59858
0.606531 4.93643 4.71859
0.606531 5.0599 4.84165
0.606531 5.18645 4.96782
0.606531 5.31617 5.09719
0.606531 5.44913 5.22984
0.606531 5.58541 5.36584
0.606531 5.7251 5.50528
0.606531 5.86829 5.64825
0.606531 6.01505 5.79482
0.606531 6.16548 5.9451
0.606531 6.31967 6.09917
0.606531 6.47772 6.25712
0.606531 6.63972 6.41906
0.606531 6.80577 6.58507
0.606531 6.97597 6.75526
0.606531 7.15042 6.92973
0.606531 7.32924 7.1086
0.606531 7.51253 7.29196
0.606531 7.7004 7.47993
0.606531 7.89296 7.67262
0.606531 8.09034 7.87015
0.606531 8.29266 8.07265
0.606531 8.50003 8.28022
0.606531 8.71258 8.49301
0.606531 8.93045 8.71114
0.606531 9.15377 8.93473
0.606531 9.38267 9.16394
0.606531 9.61729 9.39889
0.606531 9.85778 9.63973
0.606531 10.1043 9.88661
0.606531 10.3569 10.1397
0.606531 10.6159 10.3991
0.606531 10.8814 10.665
0.606531 11.1535 10.9375
0.606531 11.4324 11.2169
0.606531 11.7182 11.5033
0.606531 12.0112 11.7969
0.606531 12.3116 12.0978
0.606531 12.6194 12.4062
0.606531 12.935 12.7224
0.606531 13.2584 13.0465
0.606531 13.5899 13.3787
0.606531 13.9297 13.7192
0.606531 14.278 14.0682
0.606531 14.635 14.426
0.606531 15.0009 14.7928
0.606531 15.376 15.1687
0.606531 15.7605 15.554
0.606531 16.1545 15.9489
0.606531 16.5585 16.3538
0.606531 16.9725 16.7688
0.606531 17.3969 17.1941
0.606531 17.8318 17.6301
0.606531 18.2777 18.0771
0.606531 18.7347 18.5352
0.606531 19.2031 19.0047
0.606531 19.6832 19.4861
0.606531 20.1754 19.9794
0.606531 20.6798 20.4851
0.606531 21.1969 21.0035
0.606531 21.7268 21.5349
0.606531 22.2701 22.0795
0.606531 22.8269 22.6377
0.606531 23.3976 23.21
0.606531 23.9826 23.7965
0.606531 24.5822 24.3977
0.606531 25.1968 25.014
0.606531 25.8268 25.6457
0.606531 26.4725 26.2932
0.606531 27.1344 26.9568
0.606531 27.8128 27.6371
0.606531 28.5082 28.3344
0.606531 29.2209 29.0492
0.606531 29.9515 29.7818
0.606531 30.7004 30.5328
0.606531 31.4679 31.3025
0.606531 32.2547 32.0915
0.606531 33.0611 32.9003
0.606531 33.8877 33.7292
0.606531 34.7349 34.5789
0.606531 35.6034 35.4499
0.606531 36.4935 36.3426
0.606531 37.4059 37.2577
0.606531 38.3411 38.1957
0.606531 39.2997 39.1571
0.606531 40.2822 40.1426
0.606531 41.2894 41.1527
0.606531 42.3216 42.188
0.606531 43.3797 43.2493
0.606531 44.4643 44.3371
0.606531 45.576 45.4522
0.606531 46.7154 46.5951
0.606531 47.8833 47.7666
0.606531 49.0805 48.9674
0.606531 50.3076 50.1982
0.606531 51.5653 51.4598
0.606531 52.8545 52.753
0.606531 54.1759 54.0785
0.606531 55.5304 55.4371
0.606531 56.9187 56.8297
0.606531 58.3417 58.2572
0.606531 59.8003 59.7203
0.606531 61.2954 61.2201
0.606531 62.8278 62.7573
0.606531 64.3986 64.333
0.606531 66.0086 65.948
0.606531 67.6588 67.6035
0.606531 69.3504 69.3004
0.606531 71.0842 71.0397
0.606531 72.8613 72.8224
0.606531 74.6829 74.6498
0.606531 76.5501 76.5229
0.606531 78.4639 78.4428
0.606531 80.4255 80.4107
0.606531 82.4362 82.4278
0.606531 84.4972 84.4953
0.606531 86.6097 86.6145
0.606531 88.775 88.7868
0.606531 90.9944 91.0133
0.606531 93.2693 93.2955
0.606531 95.6011 95.6348
0.606531 97.9912 98.0326
0.606531 100.441 100.49
0.606531 102.952 103.009
0.606531 105.526 105.592
0.606531 108.164 108.238
0.606531 110.868 110.951
0.606531 113.64 113.732
0.606531 116.481 116.582
0.606531 119.393 119.504
0.606531 122.378 122.498
0.606531 125.438 125.568
0.606531 128.574 128.714
0.606531 131.788 131.939
0.606531 135.083 135.244
0.606531 138.46 138.632
0.606531 141.921 142.105
0.606531 145.47 145.665
0.606531 149.106 149.313
0.606531 152.834 153.053
0.606531 156.655 156.887
0.606531 160.571 160.816
0.606531 164.586 164.843
0.606531 168.7 168.971
0.606531 172.918 173.203
0.606531 177.241 177.54
0.606531 181.672 181.985
0.606531 186.214 186.542
0.606531 190.869 191.213
0.606531 195.641 196
0.606531 200.532 200.907
0.606531 205.546 205.937
0.606531 210.684 211.093
0.606531 215.951 216.377
0.606531 221.35 221.794
0.606531 226.884 227.345
0.606531 232.556 233.036
0.606531 238.37 238.869
0.606531 244.329 244.848
0.606531 250.438 250.976
0.606531 256.699 257.258
0.606531 263.116 263.697
0.606531 269.694 270.296
0.606531 276.437 277.061
0.606531 283.348 283.994
0.606531 290.431 291.101
0.606531 297.692 298.386
0.606531 305.135 305.853
0.606531 312.763 313.506
0.606531 320.582 321.351
0.606531 328.597 329.392
0.606531 336.812 337.634
0.606531 345.232 346.082
0.606531 353.863 354.741
0.606531 362.71 363.617
0.606531 371.777 372.715
0.606531 381.072 382.04
0.606531 390.599 391.598
0.606531 400.364 401.395
0.606531 410.373 411.437
0.606531 420.632 421.73
0.606531 431.148 432.281
0.606531 441.927 443.095
0.606531 452.975 454.179
0.606531 464.3 465.541
0.606531 475.907 477.187
0.606531 487.805 489.124
0.606531 500 501.359

1 0 0.167711
1 5.56805e-05 0.167757
1 0.000112753 0.167804
1 0.000171252 0.167853
1 0.000231214 0.167903
1 0.000292675 0.167954
1 0.000355672 0.168006
1 0.000420245 0.16806
1 0.000486431 0.168115
1 0.000554273 0.168171
1 0.00062381 0.168229
1 0.000695086 0.168288
1 0.000768143 0.168349
1 0.000843027 0.168411
1 0.000919784 0.168475
1 0.000998459 0.168541
1 0.0010791 0.168608
1 0.00116176 0.168676
1 0.00124648 0.168747
1 0.00133333 0.168819
1 0.00142234 0.168893
1 0.00151358 0.168969
1 0.0016071 0.169047
1 0.00170296 0.169126
1 0.00180121 0.169208
1 0.00190192 0.169292
1 0.00200515 0.169377
1 0.00211096 0.169465
1 0.00221941 0.169556
1 0.00233058 0.169648
1 0.00244452 0.169743
1 0.00256132 0.169841
1 0.00268103 0.169941
1 0.00280374 0.170043
1 0.00292951 0.170148
1 0.00305843 0.170256
1 0.00319057 0.170366
1 0.00332602 0.170479
1 0.00346485 0.170595
1 0.00360715 0.170714
1 0.00375301 0.170835
1 0.00390251 0.17096
1 0.00405576 0.171088
1 0.00421283 0.171219
1 0.00437383 0.171354
1 0.00453886 0.171491
1 0.00470801 0.171633
1 0.00488139 0.171777
1 0.00505911 0.171926
1 0.00524127 0.172078
1 0.00542798 0.172234
1 0.00561936 0.172393
1 0.00581552 0.172557
1 0.00601659 0.172725
1 0.00622269 0.172897
1 0.00643393 0.173073
1 0.00665046 0.173254
1 0.0068724 0.173439
1 0.00709989 0.173629
1 0.00733307 0.173824
1 0.00757208 0.174024
1 0.00781706 0.174228
1 0.00806817 0.174438
1 0.00832555 0.174654
1 0.00858937 0.174874
1 0.00885979 0.1751
1 0.00913696 0.175332
1 0.00942107 0.17557
1 0.00971227 0.175813
1 0.0100108 0.176063
1 0.0103167 0.176319
1 0.0106303 0.176581
1 0.0109517 0.17685
1 0.0112812 0.177125
1 0.0116189 0.177408
1 0.0119651 0.177697
1 0.0123199 0.177994
1 0.0126836 0.178298
1 0.0130563 0.17861
1 0.0134384 0.17893
1 0.0138301 0.179258
1 0.0142315 0.179594
1 0.014643 0.179939
1 0.0150647 0.180292
1 0.015497 0.180654
1 0.0159401 0.181025
1 0.0163943 0.181405
1 0.0168599 0.181795
1 0.017337 0.182195
1 0.0178261 0.182604
1 0.0183275 0.183024
1 0.0188413 0.183455
1 0.0193681 0.183897
1 0.0199079 0.18435
1 0.0204613 0.184814
1 0.0210285 0.18529
1 0.0216099 0.185778
1 0.0222059 0.186277
1 0.0228167 0.18679
1 0.0234428 0.187315
1 0.0240845 0.187854
1 0.0247423 0.188406
1 0.0254166 0.188973
1 0.0261077 0.189553
1 0.026816 0.190148
1 0.0275421 0.190758
1 0.0282863 0.191383
1 0.0290492 0.192024
1 0.0298311 0.192682
1 0.0306325 0.193356
1 0.031454 0.194048
1 0.0322961 0.194756
1 0.0331592 0.195483
1 0.0340438 0.196227
1 0.0349506 0.19699
1 0.03588 0.197774
1 0.0368327 0.198578
1 0.0378092 0.199401
1 0.0388101 0.200246
1 0.0398361 0.201111
1 0.0408876 0.201999
1 0.0419655 0.202911
1 0.0430703 0.203847
1 0.0442028 0.204806
1 0.0453635 0.205788
1 0.0465533 0.206796
1 0.0477728 0.20783
1 0.0490228 0.208892
1 0.050304 0.20998
1 0.0516173 0.211095
1 0.0529634 0.212238
1 0.0543432 0.213412
1 0.0557575 0.214616
1 0.0572071 0.21585
1 0.0586929 0.217115
1 0.0602159 0.218413
1 0.061777 0.219745
1 0.0633771 0.22111
1 0.0650172 0.22251
1 0.0666984 0.223945
1 0.0684215 0.225418
1 0.0701877 0.226927
1 0.0719981 0.228475
1 0.0738537 0.230063
1 0.0757557 0.231691
1 0.0777053 0.23336
1 0.0797036 0.235071
1 0.0817519 0.236828
1 0.0838514 0.238628
1 0.0860033 0.240474
1 0.0882091 0.242369
1 0.09047 0.244312
1 0.0927874 0.246304
1 0.0951628 0.248348
1 0.0975976 0.250445
1 0.100093 0.252594
1 0.102651 0.254801
1 0.105273 0.257064
1 0.107961 0.259384
1 0.110715 0.261768
1 0.113539 0.264212
1 0.116433 0.266718
1 0.1194 0.269291
1 0.12244 0.271929
1 0.125557 0.274636
1 0.128752 0.277411
1 0.132026 0.280258
1 0.135382 0.283178
1 0.138823 0.286172
1 0.142349 0.289245
1 0.145963 0.292396
1 0.149668 0.295629
1 0.153465 0.298945
1 0.157358 0.302346
1 0.161347 0.305838
1 0.165437 0.309419
1 0.169628 0.313098
1 0.173925 0.31687
1 0.178328 0.320742
1 0.182842 0.324712
1 0.187469 0.328788
1 0.192211 0.332967
1 0.197072 0.337257
1 0.202055 0.341656
1 0.207162 0.34617
1 0.212397 0.350799
1 0.217762 0.35555
1 0.223262 0.360424
1 0.228899 0.365427
1 0.234677 0.370563
1 0.2406 0.375833
1 0.246671 0.381244
1 0.252893 0.386794
1 0.259271 0.392491
1 0.265809 0.398335
1 0.27251 0.40433
1 0.279378 0.410483
1 0.286418 0.416793
1 0.293634 0.423271
1 0.301031 0.429917
1 0.308612 0.436735
1 0.316383 0.443739
1 0.324349 0.450923
1 0.332513 0.458296
1 0.340881 0.465866
1 0.349459 0.473631
1 0.358251 0.481597
1 0.367263 0.489775
1 0.376501 0.498165
1 0.385969 0.506773
1 0.395674 0.515613
1 0.405621 0.524681
1 0.415817 0.533986
1 0.426268 0.543537
1 0.436981 0.55334
1 0.447961 0.5634
1 0.459216 0.573723
1 0.470752 0.58432
1 0.482576 0.595193
1 0.494696 0.60635
1 0.507119 0.617799
1 0.519853 0.629552
1 0.532905 0.641613
1 0.546283 0.65399
1 0.559996 0.666691
1 0.574052 0.67973
1 0.588459 0.69311
1 0.603226 0.706839
1 0.618362 0.720927
1 0.633877 0.735384
1 0.64978 0.750226
1 0.66608 0.765456
1 0.682787 0.781085
1 0.699913 0.797123
1 0.717466 0.813581
1 0.735459 0.830471
1 0.753901 0.847806
1 0.772804 0.865595
1 0.79218 0.88385
1 0.81204 0.902582
1 0.832397 0.921806
1 0.853262 0.941532
1 0.874649 0.961778
1 0.896571 0.982554
1 0.919041 1.00387
1 0.942073 1.02575
1 0.965681 1.0482
1 0.989878 1.07123
1 1.01468 1.09487
1 1.0401 1.11912
1 1.06616 1.14401
1 1.09287 1.16955
1 1.12025 1.19576
1 1.14831 1.22265
1 1.17707 1.25024
1 1.20656 1.27855
1 1.23678 1.3076
1 1.26775 1.3374
1 1.2995 1.36798
1 1.33204 1.39936
1 1.3654 1.43156
1 1.39959 1.46459
1 1.43464 1.49848
1 1.47056 1.53326
1 1.50738 1.56893
1 1.54512 1.60553
1 1.5838 1.64308
1 1.62345 1.68161
1 1.6641 1.72113
1 1.70575 1.76168
1 1.74845 1.80327
1 1.79222 1.84595
1 1.83708 1.88972
1 1.88306 1.93463
1 1.9302 1.9807
1 1.97851 2.02796
1 2.02802 2.07645
1 2.07878 2.12618
1 2.13081 2.1772
1 2.18413 2.22953
1 2.23879 2.2832
1 2.29482 2.33826
1 2.35224 2.39474
1 2.4111 2.45266
1 2.47144 2.51208
1 2.53328 2.57302
1 2.59667 2.63552
1 2.66164 2.69963
1 2.72824 2.76538
1 2.7965 2.83282
1 2.86647 2.90198
1 2.93818 2.97291
1 3.01169 3.04566
1 3.08704 3.12026
1 3.16427 3.19678
1 3.24344 3.27524
1 3.32458 3.35571
1 3.40775 3.43822
1 3.493 3.52284
1 3.58038 3.60962
1 3.66994 3.6986
1 3.76175 3.78985
1 3.85585 3.88341
1 3.9523 3.97936
1 4.05116 4.07774
1 4.1525 4.17861
1 4.25636 4.28205
1 4.36283 4.3881
1 4.47195 4.49685
1 4.58381 4.60835
1 4.69846 4.72267
1 4.81598 4.83988
1 4.93643 4.96005
1 5.0599 5.08327
1 5.18645 5.20959
1 5.31617 5.3391
1 5.44913 5.47189
1 5.58541 5.60802
1 5.7251 5.74758
1 5.86829 5.89066
1 6.01505 6.03734
1 6.16548 6.18772
1 6.31967 6.34188
1 6.47772 6.49992
1 6.63972 6.66194
1 6.80577 6.82803
1 6.97597 6.99829
1 7.15042 7.17283
1 7.32924 7.35176
1 7.51253 7.53518
1 7.7004 7.7232
1 7.89296 7.91594
1 8.09034 8.11352
1 8.29266 8.31605
1 8.50003 8.52367
1 8.71258 8.73649
1 8.93045 8.95464
1 9.15377 9.17827
1 9.38267 9.4075
1 9.61729 9.64247
1 9.85778 9.88333
1 10.1043 10.1302
1 10.3569 10.3833
1 10.6159 10.6427
1 10.8814 10.9086
1 11.1535 11.1812
1 11.4324 11.4606
1 11.7182 11.747
1 12.0112 12.0406
1 12.3116 12.3415
1 12.6194 12.65
1 12.935 12.9661
1 13.2584 13.2902
1 13.5899 13.6224
1 13.9297 13.963
1 14.278 14.312
1 14.635 14.6698
1 15.0009 15.0365
1 15.376 15.4124
1 15.7605 15.7977
1 16.1545 16.1927
1 16.5585 16.5976
1 16.9725 17.0125
1 17.3969 17.4379
1 17.8318 17.8739
1 18.2777 18.3208
1 18.7347 18.779
1 19.2031 19.2485
1 19.6832 19.7298
1 20.1754 20.2232
1 20.6798 20.7289
1 21.1969 21.2473
1 21.7268 21.7786
1 22.2701 22.3233
1 22.8269 22.8815
1 23.3976 23.4537
1 23.9826 24.0403
1 24.5822 24.6415
1 25.1968 25.2578
1 25.8268 25.8894
1 26.4725 26.5369
1 27.1344 27.2006
1 27.8128 27.8809
1 28.5082 28.5782
1 29.2209 29.2929
1 29.9515 30.0256
1 30.7004 30.7765
1 31.4679 31.5463
1 32.2547 32.3353
1 33.0611 33.144
1 33.8877 33.973
1 34.7349 34.8227
1 35.6034 35.6936
1 36.4935 36.5863
1 37.4059 37.5014
1 38.3411 38.4394
1 39.2997 39.4008
1 40.2822 40.3862
1 41.2894 41.3964
1 42.3216 42.4317
1 43.3797 43.493
1 44.4643 44.5808
1 45.576 45.6958
1 46.7154 46.8387
1 47.8833 48.0102
1 49.0805 49.211
1 50.3076 50.4418
1 51.5653 51.7034
1 52.8545 52.9966
1 54.1759 54.3221
1 55.5304 55.6807
1 56.9187 57.0733
1 58.3417 58.5008
1 59.8003 59.9639
1 61.2954 61.4637
1 62.8278 63.0009
1 64.3986 64.5766
1 66.0086 66.1916
1 67.6588 67.8471
1 69.3504 69.5439
1 71.0842 71.2832
1 72.8613 73.066
1 74.6829 74.8934
1 76.5501 76.7664
1 78.4639 78.6863
1 80.4255 80.6542
1 82.4362 82.6713
1 84.4972 84.7388
1 86.6097 86.8581
1 88.775 89.0303
1 90.9944 91.2568
1 93.2693 93.539
1 95.6011 95.8783
1 97.9912 98.2761
1 100.441 100.734
1 102.952 103.253
1 105.526 105.835
1 108.164 108.482
1 110.868 111.195
1 113.64 113.975
1 116.481 116.826
1 119.393 119.747
1 122.378 122.742
1 125.438 125.811
1 128.574 128.957
1 131.788 132.182
1 135.083 135.488
1 138.46 138.876
1 141.921 142.349
1 145.47 145.908
1 149.106 149.557
1 152.834 153.297
1 156.655 157.13
1 160.571 161.059
1 164.586 165.087
1 168.7 169.215
1 172.918 173.446
1 177.241 177.783
1 181.672 182.229
1 186.214 186.786
1 190.869 191.456
1 195.641 196.244
1 200.532 201.151
1 205.546 206.18
1 210.684 211.336
1 215.951 216.62
1 221.35 222.037
1 226.884 227.589
1 232.556 233.28
1 238.37 239.113
1 244.329 245.091
1 250.438 251.22
1 256.699 257.501
1 263.116 263.94
1 269.694 270.539
1 276.437 277.304
1 283.348 284.238
1 290.431 291.345
1 297.692 298.629
1 305.135 306.096
1 312.763 313.75
1 320.582 321.594
1 328.597 329.635
1 336.812 337.877
1 345.232 346.325
1 353.863 354.985
1 362.71 363.86
1 371.777 372.958
1 381.072 382.283
1 390.599 391.841
1 400.364 401.638
1 410.373 411.68
1 420.632 421.973
1 431.148 432.524
1 441.927 443.338
1 452.975 454.423
1 464.3 465.784
1 475.907 477.43
1 487.805 489.367
1 500 501.602

1.64872 0 0.507488
1.64872 5.56805e-05 0.50754
1.64872 0.000112753 0.507593
1.64872 0.000171252 0.507648
1.64872 0.000231214 0.507704
1.64872 0.000292675 0.507761
1.64872 0.000355672 0.50782
1.64872 0.000420245 0.50788
1.64872 0.000486431 0.507942
1.64872 0.000554273 0.508005
1.64872 0.00062381 0.50807
1.64872 0.000695086 0.508136
1.64872 0.000768143 0.508205
1.64872 0.000843027 0.508274
1.64872 0.000919784 0.508346
1.64872 0.000998459 0.508419
1.64872 0.0010791 0.508495
1.64872 0.00116176 0.508572
1.64872 0.00124648 0.508651
1.64872 0.00133333 0.508732
1.64872 0.00142234 0.508815
1.64872 0.00151358 0.5089
1.64872 0.0016071 0.508987
1.64872 0.00170296 0.509077
1.64872 0.00180121 0.509168
1.64872 0.00190192 0.509262
1.64872 0.00200515 0.509359
1.64872 0.00211096 0.509457
1.64872 0.00221941 0.509559
1.64872 0.00233058 0.509662
1.64872 0.00244452 0.509769
1.64872 0.00256132 0.509878
1.64872 0.00268103 0.509989
1.64872 0.00280374 0.510104
1.64872 0.00292951 0.510221
1.64872 0.00305843 0.510341
1.64872 0.00319057 0.510465
1.64872 0.00332602 0.510591
1.64872 0.00346485 0.510721
1.64872 0.00360715 0.510853
1.64872 0.00375301 0.510989
1.64872 0.00390251 0.511129
1.64872 0.00405576 0.511272
1.64872 0.00421283 0.511418
1.64872 0.00437383 0.511569
1.64872 0.00453886 0.511723
1.64872 0.00470801 0.51188
1.64872 0.00488139 0.512042
1.64872 0.00505911 0.512208
1.64872 0.00524127 0.512378
1.64872 0.00542798 0.512552
1.64872 0.00561936 0.512731
1.64872 0.00581552 0.512914
1.64872 0.00601659 0.513101
1.64872 0.00622269 0.513294
1.64872 0.00643393 0.513491
1.64872 0.00665046 0.513693
1.64872 0.0068724 0.5139
1.64872 0.00709989 0.514112
1.64872 0.00733307 0.51433
1.64872 0.00757208 0.514553
1.64872 0.00781706 0.514781
1.64872 0.00806817 0.515015
1.64872 0.00832555 0.515256
1.64872 0.00858937 0.515502
1.64872 0.00885979 0.515754
1.64872 0.00913696 0.516013
1.64872 0.00942107 0.516278
1.64872 0.00971227 0.516549
1.64872 0.0100108 0.516828
1.64872 0.0103167 0.517113
1.64872 0.0106303 0.517406
1.64872 0.0109517 0.517706
1.64872 0.0112812 0.518013
1.64872 0.0116189 0.518328
1.64872 0.0119651 0.518651
1.64872 0.0123199 0.518982
1.64872 0.0126836 0.519321
1.64872 0.0130563 0.519669
1.64872 0.0134384 0.520026
1.64872 0.0138301 0.520392
1.64872 0.0142315 0.520767
1.64872 0.014643 0.521151
1.64872 0.0150647 0.521545
1.64872 0.015497 0.521949
1.64872 0.0159401 0.522363
1.64872 0.0163943 0.522787
1.64872 0.0168599 0.523222
1.64872 0.017337 0.523667
1.64872 0.0178261 0.524124
1.64872 0.0183275 0.524592
1.64872 0.0188413 0.525072
1.64872 0.0193681 0.525564
1.64872 0.0199079 0.526069
1.64872 0.0204613 0.526585
1.64872 0.0210285 0.527115
1.64872 0.0216099 0.527658
1.64872 0.0222059 0.528215
1.64872 0.0228167 0.528785
1.64872 0.0234428 0.52937
1.64872 0.0240845 0.529969
1.64872 0.0247423 0.530584
1.64872 0.0254166 0.531214
1.64872 0.0261077 0.531859
1.64872 0.026816 0.532521
1.64872 0.0275421 0.533199
1.64872 0.0282863 0.533895
1.64872 0.0290492 0.534609
1.64872 0.0298311 0.53534
1.64872 0.0306325 0.536089
1.64872 0.031454 0.536858
1.64872 0.0322961 0.537645
1.64872 0.0331592 0.538452
1.64872 0.0340438 0.53928
1.64872 0.0349506 0.540128
1.64872 0.03588 0.540997
1.64872 0.0368327 0.541888
1.64872 0.0378092 0.542801
1.64872 0.0388101 0.543737
1.64872 0.0398361 0.544696
1.64872 0.0408876 0.54568
1.64872 0.0419655 0.546688
1.64872 0.0430703 0.547723
1.64872 0.0442028 0.548783
1.64872 0.0453635 0.54987
1.64872 0.0465533 0.550983
1.64872 0.0477728 0.552125
1.64872 0.0490228 0.553295
1.64872 0.050304 0.554495
1.64872 0.0516173 0.555724
1.64872 0.0529634 0.556985
1.64872 0.0543432 0.558276
1.64872 0.0557575 0.5596
1.64872 0.0572071 0.560959
1.64872 0.0586929 0.562352
1.64872 0.0602159 0.563779
1.64872 0.061777 0.565243
1.64872 0.0633771 0.566743
1.64872 0.0650172 0.568281
1.64872 0.0666984 0.569857
1.64872 0.0684215 0.571472
1.64872 0.0701877 0.573128
1.64872 0.0719981 0.574826
1.64872 0.0738537 0.576567
1.64872 0.0757557 0.578352
1.64872 0.0777053 0.580182
1.64872 0.0797036 0.582057
1.64872 0.0817519 0.583979
1.64872 0.0838514 0.585949
1.64872 0.0860033 0.587969
1.64872 0.0882091 0.590041
1.64872 0.09047 0.592165
1.64872 0.0927874 0.594342
1.64872 0.0951628 0.596574
1.64872 0.0975976 0.598862
1.64872 0.100093 0.601206
1.64872 0.102651 0.60361
1.64872 0.105273 0.606076
1.64872 0.107961 0.608604
1.64872 0.110715 0.611194
1.64872 0.113539 0.61385
1.64872 0.116433 0.616572
1.64872 0.1194 0.619363
1.64872 0.12244 0.622226
1.64872 0.125557 0.625161
1.64872 0.128752 0.628169
1.64872 0.132026 0.631252
1.64872 0.135382 0.634413
1.64872 0.138823 0.637656
1.64872 0.142349 0.64098
1.64872 0.145963 0.644388
1.64872 0.149668 0.64788
1.64872 0.153465 0.651462
1.64872 0.157358 0.655136
1.64872 0.161347 0.658902
1.64872 0.165437 0.662761
1.64872 0.169628 0.666718
1.64872 0.173925 0.670778
1.64872 0.178328 0.674939
1.64872 0.182842 0.679204
1.64872 0.187469 0.683577
1.64872 0.192211 0.688063
1.64872 0.197072 0.69266
1.64872 0.202055 0.697373
1.64872 0.207162 0.702206
1.64872 0.212397 0.707163
1.64872 0.217762 0.712244
1.64872 0.223262 0.717452
1.64872 0.228899 0.722795
1.64872 0.234677 0.728272
1.64872 0.2406 0.733886
1.64872 0.246671 0.739646
1.64872 0.252893 0.745551
1.64872 0.259271 0.751604
1.64872 0.265809 0.757812
1.64872 0.27251 0.764178
1.64872 0.279378 0.770704
1.64872 0.286418 0.777397
1.64872 0.293634 0.784259
1.64872 0.301031 0.791294
1.64872 0.308612 0.798511
1.64872 0.316383 0.805909
1.64872 0.324349 0.813494
1.64872 0.332513 0.821274
1.64872 0.340881 0.829249
1.64872 0.349459 0.837429
1.64872 0.358251 0.845816
1.64872 0.367263 0.854415
1.64872 0.376501 0.863237
1.64872 0.385969 0.872279
1.64872 0.395674 0.881554
1.64872 0.405621 0.891064
1.64872 0.415817 0.900815
1.64872 0.426268 0.910817
1.64872 0.436981 0.921071
1.64872 0.447961 0.931588
1.64872 0.459216 0.942369
1.64872 0.470752 0.95343
1.64872 0.482576 0.964768
1.64872 0.494696 0.9764
1.64872 0.507119 0.988324
1.64872 0.519853 1.00056
1.64872 0.532905 1.01309
1.64872 0.546283 1.02596
1.64872 0.559996 1.03914
1.64872 0.574052 1.05267
1.64872 0.588459 1.06654
1.64872 0.603226 1.08077
1.64872 0.618362 1.09536
1.64872 0.633877 1.11032
1.64872 0.64978 1.12566
1.64872 0.66608 1.14139
1.64872 0.682787 1.15753
1.64872 0.699913 1.17407
1.64872 0.717466 1.19104
1.64872 0.735459 1.20844
1.64872 0.753901 1.22629
1.64872 0.772804 1.24459
1.64872 0.79218 1.26336
1.64872 0.81204 1.28262
1.64872 0.832397 1.30235
1.64872 0.853262 1.3226
1.64872 0.874649 1.34336
1.64872 0.896571 1.36466
1.64872 0.919041 1.3865
1.64872 0.942073 1.40889
1.64872 0.965681 1.43186
1.64872 0.989878 1.45541
1.64872 1.01468 1.47957
1.64872 1.0401 1.50434
1.64872 1.06616 1.52975
1.64872 1.09287 1.5558
1.64872 1.12025 1.58252
1.64872 1.14831 1.60993
1.64872 1.17707 1.63803
1.64872 1.20656 1.66685
1.64872 1.23678 1.69641
1.64872 1.26775 1.72672
1.64872 1.2995 1.7578
1.64872 1.33204 1.78968
1.64872 1.3654 1.82237
1.64872 1.39959 1.8559
1.64872 1.43464 1.89028
1.64872 1.47056 1.92554
1.64872 1.50738 1.96171
1.64872 1.54512 1.99879
1.64872 1.5838 2.03682
1.64872 1.62345 2.07582
1.64872 1.6641 2.11581
1.64872 1.70575 2.15683
1.64872 1.74845 2.19889
1.64872 1.79222 2.24201
1.64872 1.83708 2.28624
1.64872 1.88306 2.3316
1.64872 1.9302 2.37811
1.64872 1.97851 2.42581
1.64872 2.02802 2.47472
1.64872 2.07878 2.52488
1.64872 2.13081 2.57631
1.64872 2.18413 2.62905
1.64872 2.23879 2.68313
1.64872 2.29482 2.73859
1.64872 2.35224 2.79545
1.64872 2.4111 2.85377
1.64872 2.47144 2.91356
1.64872 2.53328 2.97487
1.64872 2.59667 3.03774
1.64872 2.66164 3.10221
1.64872 2.72824 3.16831
1.64872 2.7965 3.23609
1.64872 2.86647 3.30559
1.64872 2.93818 3.37685
1.64872 3.01169 3.44991
1.64872 3.08704 3.52483
1.64872 3.16427 3.60164
1.64872 3.24344 3.6804
1.64872 3.32458 3.76115
1.64872 3.40775 3.84395
1.64872 3.493 3.92884
1.64872 3.58038 4.01588
1.64872 3.66994 4.10512
1.64872 3.76175 4.19662
1.64872 3.85585 4.29042
1.64872 3.9523 4.38659
1.64872 4.05116 4.4852
1.64872 4.1525 4.58629
1.64872 4.25636 4.68993
1.64872 4.36283 4.79619
1.64872 4.47195 4.90512
1.64872 4.58381 5.0168
1.64872 4.69846 5.1313
1.64872 4.81598 5.24868
1.64872 4.93643 5.36901
1.64872 5.0599 5.49237
1.64872 5.18645 5.61884
1.64872 5.31617 5.74849
1.64872 5.44913 5.88141
1.64872 5.58541 6.01766
1.64872 5.7251 6.15734
1.64872 5.86829 6.30053
1.64872 6.01505 6.44732
1.64872 6.16548 6.59779
1.64872 6.31967 6.75205
1.64872 6.47772 6.91017
1.64872 6.63972 7.07227
1.64872 6.80577 7.23843
1.64872 6.97597 7.40876
1.64872 7.15042 7.58337
1.64872 7.32924 7.76236
1.64872 7.51253 7.94583
1.64872 7.7004 8.13391
1.64872 7.89296 8.3267
1.64872 8.09034 8.52432
1.64872 8.29266 8.72689
1.64872 8.50003 8.93455
1.64872 8.71258 9.1474
1.64872 8.93045 9.36559
1.64872 9.15377 9.58925
1.64872 9.38267 9.8185
1.64872 9.61729 10.0535
1.64872 9.85778 10.2944
1.64872 10.1043 10.5413
1.64872 10.3569 10.7944
1.64872 10.6159 11.0538
1.64872 10.8814 11.3198
1.64872 11.1535 11.5924
1.64872 11.4324 11.8718
1.64872 11.7182 12.1582
1.64872 12.0112 12.4518
1.64872 12.3116 12.7527
1.64872 12.6194 13.0612
1.64872 12.935 13.3774
1.64872 13.2584 13.7015
1.64872 13.5899 14.0337
1.64872 13.9297 14.3742
1.64872 14.278 14.7232
1.64872 14.635 15.081
1.64872 15.0009 15.4478
1.64872 15.376 15.8237
1.64872 15.7605 16.209
1.64872 16.1545 16.604
1.64872 16.5585 17.0088
1.64872 16.9725 17.4238
1.64872 17.3969 17.8492
1.64872 17.8318 18.2852
1.64872 18.2777 18.7321
1.64872 18.7347 19.1902
1.64872 19.2031 19.6598
1.64872 19.6832 20.1411
1.64872 20.1754 20.6345
1.64872 20.6798 21.1402
1.64872 21.1969 21.6586
1.64872 21.7268 22.1899
1.64872 22.2701 22.7346
1.64872 22.8269 23.2928
1.64872 23.3976 23.865
1.64872 23.9826 24.4516
1.64872 24.5822 25.0528
1.64872 25.1968 25.6691
1.64872 25.8268 26.3007
1.64872 26.4725 26.9482
1.64872 27.1344 27.6119
1.64872 27.8128 28.2922
1.64872 28.5082 28.9895
1.64872 29.2209 29.7042
1.64872 29.9515 30.4368
1.64872 30.7004 31.1878
1.64872 31.4679 31.9575
1.64872 32.2547 32.7465
1.64872 33.0611 33.5553
1.64872 33.8877 34.3842
1.64872 34.7349 35.2339
1.64872 35.6034 36.1049
1.64872 36.4935 36.9976
1.64872 37.4059 37.9127
1.64872 38.3411 38.8506
1.64872 39.2997 39.812
1.64872 40.2822 40.7975
1.64872 41.2894 41.8076
1.64872 42.3216 42.843
1.64872 43.3797 43.9042
1.64872 44.4643 44.992
1.64872 45.576 46.107
1.64872 46.7154 47.2499
1.64872 47.8833 48.4214
1.64872 49.0805 49.6222
1.64872 50.3076 50.853
1.64872 51.5653 52.1146
1.64872 52.8545 53.4078
1.64872 54.1759 54.7333
1.64872 55.5304 56.0919
1.64872 56.9187 57.4845
1.64872 58.3417 58.9119
1.64872 59.8003 60.3751
1.64872 61.2954 61.8748
1.64872 62.8278 63.412
1.64872 64.3986 64.9877
1.64872 66.0086 66.6027
1.64872 67.6588 68.2582
1.64872 69.3504 69.955
1.64872 71.0842 71.6943
1.64872 72.8613 73.4771
1.64872 74.6829 75.3044
1.64872 76.5501 77.1775
1.64872 78.4639 79.0974
1.64872 80.4255 81.0653
1.64872 82.4362 83.0823
1.64872 84.4972 85.1499
1.64872 86.6097 87.2691
1.64872 88.775 89.4413
1.64872 90.9944 91.6678
1.64872 93.2693 93.9501
1.64872 95.6011 96.2893
1.64872 97.9912 98.6871
1.64872 100.441 101.145
1.64872 102.952 103.664
1.64872 105.526 106.246
1.64872 108.164 108.893
1.64872 110.868 111.606
1.64872 113.64 114.386
1.64872 116.481 117.237
1.64872 119.393 120.158
1.64872 122.378 123.153
1.64872 125.438 126.222
1.64872 128.574 129.368
1.64872 131.788 132.593
1.64872 135.083 135.899
1.64872 138.46 139.287
1.64872 141.921 142.759
1.64872 145.47 146.319
1.64872 149.106 149.968
1.64872 152.834 153.708
1.64872 156.655 157.541
1.64872 160.571 161.47
1.64872 164.586 165.498
1.64872 168.7 169.626
1.64872 172.918 173.857
1.64872 177.241 178.194
1.64872 181.672 182.64
1.64872 186.214 187.196
1.64872 190.869 191.867
1.64872 195.641 196.654
1.64872 200.532 201.561
1.64872 205.546 206.591
1.64872 210.684 211.747
1.64872 215.951 217.031
1.64872 221.35 222.448
1.64872 226.884 228
1.64872 232.556 233.69
1.64872 238.37 239.523
1.64872 244.329 245.502
1.64872 250.438 251.631
1.64872 256.699 257.912
1.64872 263.116 264.351
1.64872 269.694 270.95
1.64872 276.437 277.715
1.64872 283.348 284.648
1.64872 290.431 291.755
1.64872 297.692 299.04
1.64872 305.135 306.507
1.64872 312.763 314.16
1.64872 320.582 322.005
1.64872 328.597 330.046
1.64872 336.812 338.288
1.64872 345.232 346.736
1.64872 353.863 355.395
1.64872 362.71 364.271
1.64872 371.777 373.369
1.64872 381.072 382.694
1.64872 390.599 392.252
1.64872 400.364 402.049
1.64872 410.373 412.091
1.64872 420.632 422.384
1.64872 431.148 432.935
1.64872 441.927 443.749
1.64872 452.975 454.833
1.64872 464.3 466.195
1.64872 475.907 477.841
1.64872 487.805 489.778
1.64872 500 502.013

2.71828 0 1.15105
2.71828 5.56805e-05 1.15111
2.71828 0.000112753 1.15116
2.71828 0.000171252 1.15122
2.71828 0.000231214 1.15128
2.71828 0.000292675 1.15134
2.71828 0.000355672 1.1514
2.71828 0.000420245 1.15146
2.71828 0.000486431 1.15153
2.71828 0.000554273 1.15159
2.71828 0.00062381 1.15166
2.71828 0.000695086 1.15173
2.71828 0.000768143 1.1518
2.71828 0.000843027 1.15187
2.71828 0.000919784 1.15195
2.71828 0.000998459 1.15203
2.71828 0.0010791 1.1521
2.71828 0.00116176 1.15218
2.71828 0.00124648 1.15227
2.71828 0.00133333 1.15235
2.71828 0.00142234 1.15244
2.71828 0.00151358 1.15253
2.71828 0.0016071 1.15262
2.71828 0.00170296 1.15271
2.71828 0.00180121 1.15281
2.71828 0.00190192 1.15291
2.71828 0.00200515 1.15301
2.71828 0.00211096 1.15311
2.71828 0.00221941 1.15322
2.71828 0.00233058 1.15332
2.71828 0.00244452 1.15344
2.71828 0.00256132 1.15355
2.71828 0.00268103 1.15367
2.71828 0.00280374 1.15379
2.71828 0.00292951 1.15391
2.71828 0.00305843 1.15403
2.71828 0.00319057 1.15416
2.71828 0.00332602 1.15429
2.71828 0.00346485 1.15443
2.71828 0.00360715 1.15457
2.71828 0.00375301 1.15471
2.71828 0.00390251 1.15486
2.71828 0.00405576 1.15501
2.71828 0.00421283 1.15516
2.71828 0.00437383 1.15532
2.71828 0.00453886 1.15548
2.71828 0.00470801 1.15564
2.71828 0.00488139 1.15581
2.71828 0.00505911 1.15598
2.71828 0.00524127 1.15616
2.71828 0.00542798 1.15634
2.71828 0.00561936 1.15653
2.71828 0.00581552 1.15672
2.71828 0.00601659 1.15692
2.71828 0.00622269 1.15712
2.71828 0.00643393 1.15732
2.71828 0.00665046 1.15754
2.71828 0.0068724 1.15775
2.71828 0.00709989 1.15797
2.71828 0.00733307 1.1582
2.71828 0.00757208 1.15843
2.71828 0.00781706 1.15867
2.71828 0.00806817 1.15892
2.71828 0.00832555 1.15917
2.71828 0.00858937 1.15943
2.71828 0.00885979 1.15969
2.71828 0.00913696 1.15996
2.71828 0.00942107 1.16024
2.71828 0.00971227 1.16052
2.71828 0.0100108 1.16081
2.71828 0.0103167 1.16111
2.71828 0.0106303 1.16142
2.71828 0.0109517 1.16173
2.71828 0.0112812 1.16205
2.71828 0.0116189 1.16238
2.71828 0.0119651 1.16272
2.71828 0.0123199 1.16306
2.71828 0.0126836 1.16342
2.71828 0.0130563 1.16378
2.71828 0.0134384 1.16415
2.71828 0.0138301 1.16453
2.71828 0.0142315 1.16493
2.71828 0.014643 1.16533
2.71828 0.0150647 1.16574
2.71828 0.015497 1.16616
2.71828 0.0159401 1.16659
2.71828 0.0163943 1.16703
2.71828 0.0168599 1.16749
2.71828 0.017337 1.16795
2.71828 0.0178261 1.16843
2.71828 0.0183275 1.16892
2.71828 0.0188413 1.16942
2.71828 0.0193681 1.16993
2.71828 0.0199079 1.17046
2.71828 0.0204613 1.171
2.71828 0.0210285 1.17155
2.71828 0.0216099 1.17212
2.71828 0.0222059 1.1727
2.71828 0.0228167 1.1733
2.71828 0.0234428 1.17391
2.71828 0.0240845 1.17453
2.71828 0.0247423 1.17517
2.71828 0.0254166 1.17583
2.71828 0.0261077 1.1765
2.71828 0.026816 1.1772
2.71828 0.0275421 1.1779
2.71828 0.0282863 1.17863
2.71828 0.0290492 1.17937
2.71828 0.0298311 1.18014
2.71828 0.0306325 1.18092
2.71828 0.031454 1.18172
2.71828 0.0322961 1.18254
2.71828 0.0331592 1.18338
2.71828 0.0340438 1.18425
2.71828 0.0349506 1.18513
2.71828 0.03588 1.18604
2.71828 0.0368327 1.18697
2.71828 0.0378092 1.18792
2.71828 0.0388101 1.1889
2.71828 0.0398361 1.1899
2.71828 0.0408876 1.19092
2.71828 0.0419655 1.19197
2.71828 0.0430703 1.19305
2.71828 0.0442028 1.19416
2.71828 0.0453635 1.19529
2.71828 0.0465533 1.19645
2.71828 0.0477728 1.19764
2.71828 0.0490228 1.19886
2.71828 0.050304 1.20011
2.71828 0.0516173 1.20139
2.71828 0.0529634 1.2027
2.71828 0.0543432 1.20405
2.71828 0.0557575 1.20543
2.71828 0.0572071 1.20684
2.71828 0.0586929 1.20829
2.71828 0.0602159 1.20978
2.71828 0.061777 1.2113
2.71828 0.0633771 1.21286
2.71828 0.0650172 1.21447
2.71828 0.0666984 1.21611
2.71828 0.0684215 1.21779
2.71828 0.0701877 1.21951
2.71828 0.0719981 1.22128
2.71828 0.0738537 1.22309
2.71828 0.0757557 1.22495
2.71828 0.0777053 1.22685
2.71828 0.0797036 1.2288
2.71828 0.0817519 1.2308
2.71828 0.0838514 1.23285
2.71828 0.0860033 1.23495
2.71828 0.0882091 1.2371
2.71828 0.09047 1.23931
2.71828 0.0927874 1.24158
2.71828 0.0951628 1.2439
2.71828 0.0975976 1.24627
2.71828 0.100093 1.24871
2.71828 0.102651 1.25121
2.71828 0.105273 1.25377
2.71828 0.107961 1.2564
2.71828 0.110715 1.25909
2.71828 0.113539 1.26185
2.71828 0.116433 1.26467
2.71828 0.1194 1.26757
2.71828 0.12244 1.27054
2.71828 0.125557 1.27359
2.71828 0.128752 1.27671
2.71828 0.132026 1.27991
2.71828 0.135382 1.28319
2.71828 0.138823 1.28655
2.71828 0.142349 1.29
2.71828 0.145963 1.29353
2.71828 0.149668 1.29715
2.71828 0.153465 1.30086
2.71828 0.157358 1.30467
2.71828 0.161347 1.30857
2.71828 0.165437 1.31257
2.71828 0.169628 1.31667
2.71828 0.173925 1.32087
2.71828 0.178328 1.32518
2.71828 0.182842 1.32959
2.71828 0.187469 1.33412
2.71828 0.192211 1.33876
2.71828 0.197072 1.34352
2.71828 0.202055 1.34839
2.71828 0.207162 1.35339
2.71828 0.212397 1.35851
2.71828 0.217762 1.36376
2.71828 0.223262 1.36915
2.71828 0.228899 1.37467
2.71828 0.234677 1.38033
2.71828 0.2406 1.38612
2.71828 0.246671 1.39207
2.71828 0.252893 1.39816
2.71828 0.259271 1.40441
2.71828 0.265809 1.41081
2.71828 0.27251 1.41738
2.71828 0.279378 1.42411
2.71828 0.286418 1.43101
2.71828 0.293634 1.43808
2.71828 0.301031 1.44533
2.71828 0.308612 1.45276
2.71828 0.316383 1.46038
2.71828 0.324349 1.46819
2.71828 0.332513 1.47619
2.71828 0.340881 1.4844
2.71828 0.349459 1.49281
2.71828 0.358251 1.50144
2.71828 0.367263 1.51028
2.71828 0.376501 1.51935
2.71828 0.385969 1.52864
2.71828 0.395674 1.53816
2.71828 0.405621 1.54793
2.71828 0.415817 1.55794
2.71828 0.426268 1.5682
2.71828 0.436981 1.57872
2.71828 0.447961 1.58951
2.71828 0.459216 1.60056
2.71828 0.470752 1.6119
2.71828 0.482576 1.62352
2.71828 0.494696 1.63543
2.71828 0.507119 1.64764
2.71828 0.519853 1.66016
2.71828 0.532905 1.673
2.71828 0.546283 1.68616
2.71828 0.559996 1.69965
2.71828 0.574052 1.71348
2.71828 0.588459 1.72765
2.71828 0.603226 1.74219
2.71828 0.618362 1.75709
2.71828 0.633877 1.77236
2.71828 0.64978 1.78802
2.71828 0.66608 1.80408
2.71828 0.682787 1.82054
2.71828 0.699913 1.83741
2.71828 0.717466 1.85471
2.71828 0.735459 1.87244
2.71828 0.753901 1.89063
2.71828 0.772804 1.90927
2.71828 0.79218 1.92838
2.71828 0.81204 1.94797
2.71828 0.832397 1.96806
2.71828 0.853262 1.98865
2.71828 0.874649 2.00976
2.71828 0.896571 2.0314
2.71828 0.919041 2.05359
2.71828 0.942073 2.07634
2.71828 0.965681 2.09966
2.71828 0.989878 2.12357
2.71828 1.01468 2.14809
2.71828 1.0401 2.17322
2.71828 1.06616 2.19899
2.71828 1.09287 2.2254
2.71828 1.12025 2.25248
2.71828 1.14831 2.28025
2.71828 1.17707 2.30872
2.71828 1.20656 2.3379
2.71828 1.23678 2.36782
2.71828 1.26775 2.39849
2.71828 1.2995 2.42994
2.71828 1.33204 2.46219
2.71828 1.3654 2.49524
2.71828 1.39959 2.52913
2.71828 1.43464 2.56388
2.71828 1.47056 2.5995
2.71828 1.50738 2.63602
2.71828 1.54512 2.67346
2.71828 1.5838 2.71184
2.71828 1.62345 2.75119
2.71828 1.6641 2.79154
2.71828 1.70575 2.83291
2.71828 1.74845 2.87531
2.71828 1.79222 2.91879
2.71828 1.83708 2.96336
2.71828 1.88306 3.00906
2.71828 1.9302 3.05591
2.71828 1.97851 3.10394
2.71828 2.02802 3.15318
2.71828 2.07878 3.20367
2.71828 2.13081 3.25542
2.71828 2.18413 3.30849
2.71828 2.23879 3.36289
2.71828 2.29482 3.41866
2.71828 2.35224 3.47583
2.71828 2.4111 3.53445
2.71828 2.47144 3.59454
2.71828 2.53328 3.65615
2.71828 2.59667 3.71931
2.71828 2.66164 3.78406
2.71828 2.72824 3.85044
2.71828 2.7965 3.9185
2.71828 2.86647 3.98826
2.71828 2.93818 4.05979
2.71828 3.01169 4.13311
2.71828 3.08704 4.20828
2.71828 3.16427 4.28534
2.71828 3.24344 4.36434
2.71828 3.32458 4.44533
2.71828 3.40775 4.52836
2.71828 3.493 4.61348
2.71828 3.58038 4.70073
2.71828 3.66994 4.79018
2.71828 3.76175 4.88188
2.71828 3.85585 4.97588
2.71828 3.9523 5.07225
2.71828 4.05116 5.17103
2.71828 4.1525 5.27231
2.71828 4.25636 5.37612
2.71828 4.36283 5.48254
2.71828 4.47195 5.59163
2.71828 4.58381 5.70347
2.71828 4.69846 5.81811
2.71828 4.81598 5.93563
2.71828 4.93643 6.0561
2.71828 5.0599 6.17959
2.71828 5.18645 6.30619
2.71828 5.31617 6.43596
2.71828 5.44913 6.56898
2.71828 5.58541 6.70534
2.71828 5.7251 6.84512
2.71828 5.86829 6.9884
2.71828 6.01505 7.13528
2.71828 6.16548 7.28584
2.71828 6.31967 7.44018
2.71828 6.47772 7.59838
2.71828 6.63972 7.76055
2.71828 6.80577 7.92678
2.71828 6.97597 8.09717
2.71828 7.15042 8.27184
2.71828 7.32924 8.45088
2.71828 7.51253 8.63441
2.71828 7.7004 8.82254
2.71828 7.89296 9.01537
2.71828 8.09034 9.21304
2.71828 8.29266 9.41566
2.71828 8.50003 9.62335
2.71828 8.71258 9.83624
2.71828 8.93045 10.0545
2.71828 9.15377 10.2781
2.71828 9.38267 10.5074
2.71828 9.61729 10.7425
2.71828 9.85778 10.9834
2.71828 10.1043 11.2303
2.71828 10.3569 11.4834
2.71828 10.6159 11.7429
2.71828 10.8814 12.0088
2.71828 11.1535 12.2815
2.71828 11.4324 12.5609
2.71828 11.7182 12.8473
2.71828 12.0112 13.1409
2.71828 12.3116 13.4419
2.71828 12.6194 13.7503
2.71828 12.935 14.0665
2.71828 13.2584 14.3907
2.71828 13.5899 14.7229
2.71828 13.9297 15.0634
2.71828 14.278 15.4125
2.71828 14.635 15.7703
2.71828 15.0009 16.137
2.71828 15.376 16.5129
2.71828 15.7605 16.8983
2.71828 16.1545 17.2933
2.71828 16.5585 17.6981
2.71828 16.9725 18.1131
2.71828 17.3969 18.5385
2.71828 17.8318 18.9745
2.71828 18.2777 19.4215
2.71828 18.7347 19.8796
2.71828 19.2031 20.3491
2.71828 19.6832 20.8305
2.71828 20.1754 21.3239
2.71828 20.6798 21.8296
2.71828 21.1969 22.3479
2.71828 21.7268 22.8793
2.71828 22.2701 23.4239
2.71828 22.8269 23.9822
2.71828 23.3976 24.5544
2.71828 23.9826 25.1409
2.71828 24.5822 25.7422
2.71828 25.1968 26.3584
2.71828 25.8268 26.9901
2.71828 26.4725 27.6376
2.71828 27.1344 28.3013
2.71828 27.8128 28.9815
2.71828 28.5082 29.6788
2.71828 29.2209 30.3936
2.71828 29.9515 31.1262
2.71828 30.7004 31.8772
2.71828 31.4679 32.6469
2.71828 32.2547 33.4359
2.71828 33.0611 34.2446
2.71828 33.8877 35.0736
2.71828 34.7349 35.9233
2.71828 35.6034 36.7942
2.71828 36.4935 37.6869
2.71828 37.4059 38.602
2.71828 38.3411 39.54
2.71828 39.2997 40.5014
2.71828 40.2822 41.4868
2.71828 41.2894 42.4969
2.71828 42.3216 43.5323
2.71828 43.3797 44.5935
2.71828 44.4643 45.6813
2.71828 45.576 46.7964
2.71828 46.7154 47.9392
2.71828 47.8833 49.1107
2.71828 49.0805 50.3115
2.71828 50.3076 51.5423
2.71828 51.5653 52.8039
2.71828 52.8545 54.097
2.71828 54.1759 55.4225
2.71828 55.5304 56.7811
2.71828 56.9187 58.1737
2.71828 58.3417 59.6012
2.71828 59.8003 61.0643
2.71828 61.2954 62.564
2.71828 62.8278 64.1012
2.71828 64.3986 65.6769
2.71828 66.0086 67.2919
2.71828 67.6588 68.9474
2.71828 69.3504 70.6442
2.71828 71.0842 72.3835
2.71828 72.8613 74.1663
2.71828 74.6829 75.9936
2.71828 76.5501 77.8667
2.71828 78.4639 79.7865
2.71828 80.4255 81.7544
2.71828 82.4362 83.7715
2.71828 84.4972 85.839
2.71828 86.6097 87.9582
2.71828 88.775 90.1304
2.71828 90.9944 92.357
2.71828 93.2693 94.6392
2.71828 95.6011 96.9784
2.71828 97.9912 99.3762
2.71828 100.441 101.834
2.71828 102.952 104.353
2.71828 105.526 106.935
2.71828 108.164 109.582
2.71828 110.868 112.295
2.71828 113.64 115.075
2.71828 116.481 117.926
2.71828 119.393 120.847
2.71828 122.378 123.842
2.71828 125.438 126.911
2.71828 128.574 130.057
2.71828 131.788 133.282
2.71828 135.083 136.588
2.71828 138.46 139.976
2.71828 141.921 143.448
2.71828 145.47 147.008
2.71828 149.106 150.657
2.71828 152.834 154.397
2.71828 156.655 158.23
2.71828 160.571 162.159
2.71828 164.586 166.186
2.71828 168.7 170.315
2.71828 172.918 174.546
2.71828 177.241 178.883
2.71828 181.672 183.329
2.71828 186.214 187.885
2.71828 190.869 192.556
2.71828 195.641 197.343
2.71828 200.532 202.25
2.71828 205.546 207.28
2.71828 210.684 212.436
2.71828 215.951 217.72
2.71828 221.35 223.137
2.71828 226.884 228.688
2.71828 232.556 234.379
2.71828 238.37 240.212
2.71828 244.329 246.191
2.71828 250.438 252.319
2.71828 256.699 258.601
2.71828 263.116 265.04
2.71828 269.694 271.639
2.71828 276.437 278.404
2.71828 283.348 285.337
2.71828 290.431 292.444
2.71828 297.692 299.729
2.71828 305.135 307.196
2.71828 312.763 314.849
2.71828 320.582 322.694
2.71828 328.597 330.735
2.71828 336.812 338.977
2.71828 345.232 347.425
2.71828 353.863 356.084
2.71828 362.71 364.96
2.71828 371.777 374.057
2.71828 381.072 383.382
2.71828 390.599 392.941
2.71828 400.364 402.738
2.71828 410.373 412.78
2.71828 420.632 423.073
2.71828 431.148 433.623
2.71828 441.927 444.438
2.71828 452.975 455.522
2.71828 464.3 466.884
2.71828 475.907 478.53
2.71828 487.805 490.467
2.71828 500 502.702

4.48169 0 2.27561
4.48169 5.56805e-05 2.27567
4.48169 0.000112753 2.27572
4.48169 0.000171252 2.27578
4.48169 0.000231214 2.27584
4.48169 0.000292675 2.2759
4.48169 0.000355672 2.27596
4.48169 0.000420245 2.27603
4.48169 0.000486431 2.27609
4.48169 0.000554273 2.27616
4.48169 0.00062381 2.27623
4.48169 0.000695086 2.2763
4.48169 0.000768143 2.27637
4.48169 0.000843027 2.27645
4.48169 0.000919784 2.27652
4.48169 0.000998459 2.2766
4.48169 0.0010791 2.27668
4.48169 0.00116176 2.27676
4.48169 0.00124648 2.27685
4.48169 0.00133333 2.27693
4.48169 0.00142234 2.27702
4.48169 0.00151358 2.27711
4.48169 0.0016071 2.27721
4.48169 0.00170296 2.2773
4.48169 0.00180121 2.2774
4.48169 0.00190192 2.2775
4.48169 0.00200515 2.2776
4.48169 0.00211096 2.27771
4.48169 0.00221941 2.27781
4.48169 0.00233058 2.27792
4.48169 0.00244452 2.27804
4.48169 0.00256132 2.27815
4.48169 0.00268103 2.27827
4.48169 0.00280374 2.27839
4.48169 0.00292951 2.27852
4.48169 0.00305843 2.27865
4.48169 0.00319057 2.27878
4.48169 0.00332602 2.27891
4.48169 0.00346485 2.27905
4.48169 0.00360715 2.27919
4.48169 0.00375301 2.27934
4.48169 0.00390251 2.27948
4.48169 0.00405576 2.27964
4.48169 0.00421283 2.27979
4.48169 0.00437383 2.27995
4.48169 0.00453886 2.28012
4.48169 0.00470801 2.28028
4.48169 0.00488139 2.28046
4.48169 0.00505911 2.28063
4.48169 0.00524127 2.28081
4.48169 0.00542798 2.281
4.48169 0.00561936 2.28119
4.48169 0.00581552 2.28138
4.48169 0.00601659 2.28158
4.48169 0.00622269 2.28179
4.48169 0.00643393 2.282
4.48169 0.00665046 2.28221
4.48169 0.0068724 2.28243
4.48169 0.00709989 2.28266
4.48169 0.00733307 2.28289
4.48169 0.00757208 2.28313
4.48169 0.00781706 2.28337
4.48169 0.00806817 2.28362
4.48169 0.00832555 2.28387
4.48169 0.00858937 2.28414
4.48169 0.00885979 2.2844
4.48169 0.00913696 2.28468
4.48169 0.00942107 2.28496
4.48169 0.00971227 2.28525
4.48169 0.0100108 2.28555
4.48169 0.0103167 2.28585
4.48169 0.0106303 2.28616
4.48169 0.0109517 2.28648
4.48169 0.0112812 2.28681
4.48169 0.0116189 2.28714
4.48169 0.0119651 2.28749
4.48169 0.0123199 2.28784
4.48169 0.0126836 2.2882
4.48169 0.0130563 2.28857
4.48169 0.0134384 2.28895
4.48169 0.0138301 2.28934
4.48169 0.0142315 2.28974
4.48169 0.014643 2.29014
4.48169 0.0150647 2.29056
4.48169 0.015497 2.29099
4.48169 0.0159401 2.29143
4.48169 0.0163943 2.29188
4.48169 0.0168599 2.29234
4.48169 0.017337 2.29282
4.48169 0.0178261 2.2933
4.48169 0.0183275 2.2938
4.48169 0.0188413 2.29431
4.48169 0.0193681 2.29483
4.48169 0.0199079 2.29537
4.48169 0.0204613 2.29592
4.48169 0.0210285 2.29648
4.48169 0.0216099 2.29706
4.48169 0.0222059 2.29765
4.48169 0.0228167 2.29826
4.48169 0.0234428 2.29888
4.48169 0.0240845 2.29952
4.48169 0.0247423 2.30017
4.48169 0.0254166 2.30084
4.48169 0.0261077 2.30152
4.48169 0.026816 2.30223
4.48169 0.0275421 2.30295
4.48169 0.0282863 2.30369
4.48169 0.0290492 2.30444
4.48169 0.0298311 2.30522
4.48169 0.0306325 2.30602
4.48169 0.031454 2.30683
4.48169 0.0322961 2.30767
4.48169 0.0331592 2.30853
4.48169 0.0340438 2.3094
4.48169 0.0349506 2.3103
4.48169 0.03588 2.31123
4.48169 0.0368327 2.31217
4.48169 0.0378092 2.31314
4.48169 0.0388101 2.31414
4.48169 0.0398361 2.31515
4.48169 0.0408876 2.3162
4.48169 0.0419655 2.31727
4.48169 0.0430703 2.31837
4.48169 0.0442028 2.31949
4.48169 0.0453635 2.32064
4.48169 0.0465533 2.32182
4.48169 0.0477728 2.32303
4.48169 0.0490228 2.32427
4.48169 0.050304 2.32555
4.48169 0.0516173 2.32685
4.48169 0.0529634 2.32819
4.48169 0.0543432 2.32956
4.48169 0.0557575 2.33096
4.48169 0.0572071 2.3324
4.48169 0.0586929 2.33388
4.48169 0.0602159 2.33539
4.48169 0.061777 2.33694
4.48169 0.0633771 2.33853
4.48169 0.0650172 2.34015
4.48169 0.0666984 2.34182
4.48169 0.0684215 2.34353
4.48169 0.0701877 2.34529
4.48169 0.0719981 2.34709
4.48169 0.0738537 2.34893
4.48169 0.0757557 2.35082
4.48169 0.0777053 2.35275
4.48169 0.0797036 2.35474
4.48169 0.0817519 2.35677
4.48169 0.0838514 2.35886
4.48169 0.0860033 2.36099
4.48169 0.0882091 2.36318
4.48169 0.09047 2.36543
4.48169 0.0927874 2.36773
4.48169 0.0951628 2.37009
4.48169 0.0975976 2.37251
4.48169 0.100093 2.37499
4.48169 0.102651 2.37753
4.48169 0.105273 2.38013
4.48169 0.107961 2.3828
4.48169 0.110715 2.38554
4.48169 0.113539 2.38834
4.48169 0.116433 2.39121
4.48169 0.1194 2.39416
4.48169 0.12244 2.39718
4.48169 0.125557 2.40028
4.48169 0.128752 2.40345
4.48169 0.132026 2.4067
4.48169 0.135382 2.41003
4.48169 0.138823 2.41345
4.48169 0.142349 2.41695
4.48169 0.145963 2.42055
4.48169 0.149668 2.42423
4.48169 0.153465 2.428
4.48169 0.157358 2.43186
4.48169 0.161347 2.43583
4.48169 0.165437 2.43989
4.48169 0.169628 2.44405
4.48169 0.173925 2.44832
4.48169 0.178328 2.4527
4.48169 0.182842 2.45718
4.48169 0.187469 2.46178
4.48169 0.192211 2.46649
4.48169 0.197072 2.47132
4.48169 0.202055 2.47627
4.48169 0.207162 2.48134
4.48169 0.212397 2.48655
4.48169 0.217762 2.49188
4.48169 0.223262 2.49734
4.48169 0.228899 2.50295
4.48169 0.234677 2.50869
4.48169 0.2406 2.51457
4.48169 0.246671 2.52061
4.48169 0.252893 2.52679
4.48169 0.259271 2.53313
4.48169 0.265809 2.53963
4.48169 0.27251 2.54629
4.48169 0.279378 2.55311
4.48169 0.286418 2.56011
4.48169 0.293634 2.56729
4.48169 0.301031 2.57464
4.48169 0.308612 2.58217
4.48169 0.316383 2.5899
4.48169 0.324349 2.59782
4.48169 0.332513 2.60593
4.48169 0.340881 2.61425
4.48169 0.349459 2.62278
4.48169 0.358251 2.63153
4.48169 0.367263 2.64049
4.48169 0.376501 2.64967
4.48169 0.385969 2.65908
4.48169 0.395674 2.66874
4.48169 0.405621 2.67863
4.48169 0.415817 2.68877
4.48169 0.426268 2.69916
4.48169 0.436981 2.70982
4.48169 0.447961 2.72074
4.48169 0.459216 2.73193
4.48169 0.470752 2.74341
4.48169 0.482576 2.75517
4.48169 0.494696 2.76723
4.48169 0.507119 2.77959
4.48169 0.519853 2.79226
4.48169 0.532905 2.80525
4.48169 0.546283 2.81856
4.48169 0.559996 2.8322
4.48169 0.574052 2.84619
4.48169 0.588459 2.86053
4.48169 0.603226 2.87523
4.48169 0.618362 2.89029
4.48169 0.633877 2.90573
4.48169 0.64978 2.92156
4.48169 0.66608 2.93779
4.48169 0.682787 2.95442
4.48169 0.699913 2.97147
4.48169 0.717466 2.98895
4.48169 0.735459 3.00686
4.48169 0.753901 3.02523
4.48169 0.772804 3.04406
4.48169 0.79218 3.06335
4.48169 0.81204 3.08313
4.48169 0.832397 3.10341
4.48169 0.853262 3.12419
4.48169 0.874649 3.1455
4.48169 0.896571 3.16733
4.48169 0.919041 3.18972
4.48169 0.942073 3.21267
4.48169 0.965681 3.23619
4.48169 0.989878 3.2603
4.48169 1.01468 3.28502
4.48169 1.0401 3.31036
4.48169 1.06616 3.33633
4.48169 1.09287 3.36295
4.48169 1.12025 3.39024
4.48169 1.14831 3.41822
4.48169 1.17707 3.4469
4.48169 1.20656 3.47629
4.48169 1.23678 3.50642
4.48169 1.26775 3.53731
4.48169 1.2995 3.56898
4.48169 1.33204 3.60143
4.48169 1.3654 3.63471
4.48169 1.39959 3.66881
4.48169 1.43464 3.70377
4.48169 1.47056 3.73961
4.48169 1.50738 3.77635
4.48169 1.54512 3.814
4.48169 1.5838 3.8526
4.48169 1.62345 3.89218
4.48169 1.6641 3.93274
4.48169 1.70575 3.97432
4.48169 1.74845 4.01694
4.48169 1.79222 4.06063
4.48169 1.83708 4.10542
4.48169 1.88306 4.15133
4.48169 1.9302 4.19839
4.48169 1.97851 4.24663
4.48169 2.02802 4.29609
4.48169 2.07878 4.34678
4.48169 2.13081 4.39874
4.48169 2.18413 4.45201
4.48169 2.23879 4.50661
4.48169 2.29482 4.56258
4.48169 2.35224 4.61996
4.48169 2.4111 4.67877
4.48169 2.47144 4.73906
4.48169 2.53328 4.80086
4.48169 2.59667 4.86421
4.48169 2.66164 4.92915
4.48169 2.72824 4.99572
4.48169 2.7965 5.06395
4.48169 2.86647 5.1339
4.48169 2.93818 5.2056
4.48169 3.01169 5.2791
4.48169 3.08704 5.35444
4.48169 3.16427 5.43166
4.48169 3.24344 5.51083
4.48169 3.32458 5.59197
4.48169 3.40775 5.67516
4.48169 3.493 5.76043
4.48169 3.58038 5.84783
4.48169 3.66994 5.93742
4.48169 3.76175 6.02926
4.48169 3.85585 6.1234
4.48169 3.9523 6.2199
4.48169 4.05116 6.31882
4.48169 4.1525 6.42022
4.48169 4.25636 6.52415
4.48169 4.36283 6.63069
4.48169 4.47195 6.7399
4.48169 4.58381 6.85185
4.48169 4.69846 6.9666
4.48169 4.81598 7.08422
4.48169 4.93643 7.20479
4.48169 5.0599 7.32838
4.48169 5.18645 7.45506
4.48169 5.31617 7.58492
4.48169 5.44913 7.71803
4.48169 5.58541 7.85447
4.48169 5.7251 7.99433
4.48169 5.86829 8.13769
4.48169 6.01505 8.28464
4.48169 6.16548 8.43527
4.48169 6.31967 8.58968
4.48169 6.47772 8.74794
4.48169 6.63972 8.91017
4.48169 6.80577 9.07646
4.48169 6.97597 9.24692
4.48169 7.15042 9.42164
4.48169 7.32924 9.60073
4.48169 7.51253 9.78431
4.48169 7.7004 9.97248
4.48169 7.89296 10.1654
4.48169 8.09034 10.3631
4.48169 8.29266 10.5657
4.48169 8.50003 10.7735
4.48169 8.71258 10.9864
4.48169 8.93045 11.2047
4.48169 9.15377 11.4284
4.48169 9.38267 11.6577
4.48169 9.61729 11.8928
4.48169 9.85778 12.1337
4.48169 10.1043 12.3807
4.48169 10.3569 12.6338
4.48169 10.6159 12.8933
4.48169 10.8814 13.1593
4.48169 11.1535 13.4319
4.48169 11.4324 13.7114
4.48169 11.7182 13.9979
4.48169 12.0112 14.2915
4.48169 12.3116 14.5924
4.48169 12.6194 14.9009
4.48169 12.935 15.2172
4.48169 13.2584 15.5413
4.48169 13.5899 15.8736
4.48169 13.9297 16.2141
4.48169 14.278 16.5632
4.48169 14.635 16.921
4.48169 15.0009 17.2878
4.48169 15.376 17.6637
4.48169 15.7605 18.0491
4.48169 16.1545 18.4441
4.48169 16.5585 18.849
4.48169 16.9725 19.264
4.48169 17.3969 19.6894
4.48169 17.8318 20.1254
4.48169 18.2777 20.5724
4.48169 18.7347 21.0305
4.48169 19.2031 21.5001
4.48169 19.6832 21.9814
4.48169 20.1754 22.4748
4.48169 20.6798 22.9806
4.48169 21.1969 23.4989
4.48169 21.7268 24.0303
4.48169 22.2701 24.5749
4.48169 22.8269 25.1332
4.48169 23.3976 25.7055
4.48169 23.9826 26.292
4.48169 24.5822 26.8932
4.48169 25.1968 27.5095
4.48169 25.8268 28.1412
4.48169 26.4725 28.7887
4.48169 27.1344 29.4524
4.48169 27.8128 30.1327
4.48169 28.5082 30.83
4.48169 29.2209 31.5447
4.48169 29.9515 32.2774
4.48169 30.7004 33.0283
4.48169 31.4679 33.7981
4.48169 32.2547 34.5871
4.48169 33.0611 35.3958
4.48169 33.8877 36.2247
4.48169 34.7349 37.0744
4.48169 35.6034 37.9454
4.48169 36.4935 38.8381
4.48169 37.4059 39.7532
4.48169 38.3411 40.6911
4.48169 39.2997 41.6525
4.48169 40.2822 42.638
4.48169 41.2894 43.6481
4.48169 42.3216 44.6835
4.48169 43.3797 45.7447
4.48169 44.4643 46.8325
4.48169 45.576 47.9475
4.48169 46.7154 49.0904
4.48169 47.8833 50.2619
4.48169 49.0805 51.4627
4.48169 50.3076 52.6935
4.48169 51.5653 53.9551
4.48169 52.8545 55.2482
4.48169 54.1759 56.5737
4.48169 55.5304 57.9323
4.48169 56.9187 59.3249
4.48169 58.3417 60.7524
4.48169 59.8003 62.2155
4.48169 61.2954 63.7152
4.48169 62.8278 65.2524
4.48169 64.3986 66.8281
4.48169 66.0086 68.4431
4.48169 67.6588 70.0986
4.48169 69.3504 71.7954
4.48169 71.0842 73.5347
4.48169 72.8613 75.3174
4.48169 74.6829 77.1448
4.48169 76.5501 79.0178
4.48169 78.4639 80.9377
4.48169 80.4255 82.9055
4.48169 82.4362 84.9226
4.48169 84.4972 86.9901
4.48169 86.6097 89.1094
4.48169 88.775 91.2816
4.48169 90.9944 93.5081
4.48169 93.2693 95.7903
4.48169 95.6011 98.1295
4.48169 97.9912 100.527
4.48169 100.441 102.985
4.48169 102.952 105.504
4.48169 105.526 108.086
4.48169 108.164 110.733
4.48169 110.868 113.446
4.48169 113.64 116.227
4.48169 116.481 119.077
4.48169 119.393 121.998
4.48169 122.378 124.993
4.48169 125.438 128.062
4.48169 128.574 131.208
4.48169 131.788 134.433
4.48169 135.083 137.739
4.48169 138.46 141.127
4.48169 141.921 144.599
4.48169 145.47 148.159
4.48169 149.106 151.808
4.48169 152.834 155.548
4.48169 156.655 159.381
4.48169 160.571 163.31
4.48169 164.586 167.337
4.48169 168.7 171.466
4.48169 172.918 175.697
4.48169 177.241 180.034
4.48169 181.672 184.48
4.48169 186.214 189.036
4.48169 190.869 193.707
4.48169 195.641 198.494
4.48169 200.532 203.401
4.48169 205.546 208.431
4.48169 210.684 213.587
4.48169 215.951 218.871
4.48169 221.35 224.287
4.48169 226.884 229.839
4.48169 232.556 235.53
4.48169 238.37 241.363
4.48169 244.329 247.342
4.48169 250.438 253.47
4.48169 256.699 259.752
4.48169 263.116 266.19
4.48169 269.694 272.79
4.48169 276.437 279.554
4.48169 283.348 286.488
4.48169 290.431 293.595
4.48169 297.692 300.88
4.48169 305.135 308.347
4.48169 312.763 316
4.48169 320.582 323.845
4.48169 328.597 331.886
4.48169 336.812 340.128
4.48169 345.232 348.576
4.48169 353.863 357.235
4.48169 362.71 366.111
4.48169 371.777 375.208
4.48169 381.072 384.533
4.48169 390.599 394.091
4.48169 400.364 403.889
4.48169 410.373 413.931
4.48169 420.632 424.224
4.48169 431.148 434.774
4.48169 441.927 445.588
4.48169 452.975 456.673
4.48169 464.3 468.035
4.48169 475.907 479.68
4.48169 487.805 491.617
4.48169 500 503.853

