0.22313 0 0.157739
0.22313 5.56805e-05 0.157798
0.22313 0.000112753 0.157858
0.22313 0.000171252 0.157919
0.22313 0.000231214 0.157982
0.22313 0.000292675 0.158047
0.22313 0.000355672 0.158113
0.22313 0.000420245 0.158181
0.22313 0.000486431 0.158251
0.22313 0.000554273 0.158322
0.22313 0.00062381 0.158395
0.22313 0.000695086 0.15847
0.22313 0.000768143 0.158547
0.22313 0.000843027 0.158626
0.22313 0.000919784 0.158707
0.22313 0.000998459 0.158789
0.22313 0.0010791 0.158874
0.22313 0.00116176 0.158961
0.22313 0.00124648 0.15905
0.22313 0.00133333 0.159142
0.22313 0.00142234 0.159235
0.22313 0.00151358 0.159331
0.22313 0.0016071 0.15943
0.22313 0.00170296 0.15953
0.22313 0.00180121 0.159634
0.22313 0.00190192 0.15974
0.22313 0.00200515 0.159848
0.22313 0.00211096 0.15996
0.22313 0.00221941 0.160074
0.22313 0.00233058 0.160191
0.22313 0.00244452 0.160311
0.22313 0.00256132 0.160433
0.22313 0.00268103 0.160559
0.22313 0.00280374 0.160688
0.22313 0.00292951 0.160821
0.22313 0.00305843 0.160956
0.22313 0.00319057 0.161095
0.22313 0.00332602 0.161238
0.22313 0.00346485 0.161384
0.22313 0.00360715 0.161534
0.22313 0.00375301 0.161687
0.22313 0.00390251 0.161844
0.22313 0.00405576 0.162006
0.22313 0.00421283 0.162171
0.22313 0.00437383 0.16234
0.22313 0.00453886 0.162514
0.22313 0.00470801 0.162692
0.22313 0.00488139 0.162874
0.22313 0.00505911 0.163061
0.22313 0.00524127 0.163253
0.22313 0.00542798 0.163449
0.22313 0.00561936 0.163651
0.22313 0.00581552 0.163857
0.22313 0.00601659 0.164068
0.22313 0.00622269 0.164285
0.22313 0.00643393 0.164507
0.22313 0.00665046 0.164735
0.22313 0.0068724 0.164969
0.22313 0.00709989 0.165208
0.22313 0.00733307 0.165453
0.22313 0.00757208 0.165705
0.22313 0.00781706 0.165963
0.22313 0.00806817 0.166227
0.22313 0.00832555 0.166497
0.22313 0.00858937 0.166775
0.22313 0.00885979 0.167059
0.22313 0.00913696 0.167351
0.22313 0.00942107 0.16765
0.22313 0.00971227 0.167956
0.22313 0.0100108 0.16827
0.22313 0.0103167 0.168592
0.22313 0.0106303 0.168922
0.22313 0.0109517 0.16926
0.22313 0.0112812 0.169607
0.22313 0.0116189 0.169962
0.22313 0.0119651 0.170326
0.22313 0.0123199 0.170699
0.22313 0.0126836 0.171082
0.22313 0.0130563 0.171474
0.22313 0.0134384 0.171876
0.22313 0.0138301 0.172288
0.22313 0.0142315 0.17271
0.22313 0.014643 0.173143
0.22313 0.0150647 0.173587
0.22313 0.015497 0.174042
0.22313 0.0159401 0.174508
0.22313 0.0163943 0.174986
0.22313 0.0168599 0.175476
0.22313 0.017337 0.175978
0.22313 0.0178261 0.176492
0.22313 0.0183275 0.177019
0.22313 0.0188413 0.17756
0.22313 0.0193681 0.178114
0.22313 0.0199079 0.178682
0.22313 0.0204613 0.179264
0.22313 0.0210285 0.179861
0.22313 0.0216099 0.180473
0.22313 0.0222059 0.1811
0.22313 0.0228167 0.181742
0.22313 0.0234428 0.182401
0.22313 0.0240845 0.183076
0.22313 0.0247423 0.183768
0.22313 0.0254166 0.184477
0.22313 0.0261077 0.185204
0.22313 0.026816 0.185949
0.22313 0.0275421 0.186713
0.22313 0.0282863 0.187496
0.22313 0.0290492 0.188299
0.22313 0.0298311 0.189121
0.22313 0.0306325 0.189964
0.22313 0.031454 0.190829
0.22313 0.0322961 0.191714
0.22313 0.0331592 0.192622
0.22313 0.0340438 0.193553
0.22313 0.0349506 0.194507
0.22313 0.03588 0.195485
0.22313 0.0368327 0.196487
0.22313 0.0378092 0.197514
0.22313 0.0388101 0.198567
0.22313 0.0398361 0.199646
0.22313 0.0408876 0.200753
0.22313 0.0419655 0.201887
0.22313 0.0430703 0.203049
0.22313 0.0442028 0.20424
0.22313 0.0453635 0.205461
0.22313 0.0465533 0.206713
0.22313 0.0477728 0.207996
0.22313 0.0490228 0.209311
0.22313 0.050304 0.210659
0.22313 0.0516173 0.21204
0.22313 0.0529634 0.213456
0.22313 0.0543432 0.214908
0.22313 0.0557575 0.216396
0.22313 0.0572071 0.217921
0.22313 0.0586929 0.219484
0.22313 0.0602159 0.221086
0.22313 0.061777 0.222728
0.22313 0.0633771 0.224412
0.22313 0.0650172 0.226137
0.22313 0.0666984 0.227906
0.22313 0.0684215 0.229718
0.22313 0.0701877 0.231576
0.22313 0.0719981 0.232784
0.22313 0.0738537 0.233875
0.22313 0.0757557 0.234992
0.22313 0.0777053 0.236137
0.22313 0.0797036 0.237309
0.22313 0.0817519 0.238509
0.22313 0.0838514 0.239739
0.22313 0.0860033 0.240998
0.22313 0.0882091 0.242287
0.22313 0.09047 0.243608
0.22313 0.0927874 0.24496
0.22313 0.0951628 0.246345
0.22313 0.0975976 0.247763
0.22313 0.100093 0.249216
0.22313 0.102651 0.250703
0.22313 0.105273 0.252224
0.22313 0.107961 0.253782
0.22313 0.110715 0.255376
0.22313 0.113539 0.257009
0.22313 0.116433 0.25868
0.22313 0.1194 0.260391
0.22313 0.12244 0.262143
0.22313 0.125557 0.263936
0.22313 0.128752 0.265772
0.22313 0.132026 0.267651
0.22313 0.135382 0.269575
0.22313 0.138823 0.271544
0.22313 0.142349 0.273517
0.22313 0.145963 0.275445
0.22313 0.149668 0.277414
0.22313 0.153465 0.279424
0.22313 0.157358 0.281477
0.22313 0.161347 0.283573
0.22313 0.165437 0.285714
0.22313 0.169628 0.287898
0.22313 0.173925 0.290129
0.22313 0.178328 0.292406
0.22313 0.182842 0.294729
0.22313 0.187469 0.2971
0.22313 0.192211 0.299519
0.22313 0.197072 0.301987
0.22313 0.202055 0.304505
0.22313 0.207162 0.307072
0.22313 0.212397 0.309509
0.22313 0.217762 0.311679
0.22313 0.223262 0.313886
0.22313 0.228899 0.316142
0.22313 0.234677 0.318448
0.22313 0.2406 0.320804
0.22313 0.246671 0.323211
0.22313 0.252893 0.325671
0.22313 0.259271 0.328185
0.22313 0.265809 0.330692
0.22313 0.27251 0.333237
0.22313 0.279378 0.335834
0.22313 0.286418 0.338479
0.22313 0.293634 0.341177
0.22313 0.301031 0.343927
0.22313 0.308612 0.346733
0.22313 0.316383 0.349581
0.22313 0.324349 0.352438
0.22313 0.332513 0.355333
0.22313 0.340881 0.358282
0.22313 0.349459 0.361282
0.22313 0.358251 0.364276
0.22313 0.367263 0.367269
0.22313 0.376501 0.370316
0.22313 0.385969 0.373415
0.22313 0.395674 0.376571
0.22313 0.405621 0.379775
0.22313 0.415817 0.382978
0.22313 0.426268 0.386039
0.22313 0.436981 0.389135
0.22313 0.447961 0.392286
0.22313 0.459216 0.395492
0.22313 0.470752 0.398753
0.22313 0.482576 0.402056
0.22313 0.494696 0.405391
0.22313 0.507119 0.408767
0.22313 0.519853 0.412199
0.22313 0.532905 0.41568
0.22313 0.546283 0.419179
0.22313 0.559996 0.422698
0.22313 0.574052 0.426257
0.22313 0.588459 0.429871
0.22313 0.603226 0.433515
0.22313 0.618362 0.437145
0.22313 0.633877 0.4408
0.22313 0.64978 0.444506
0.22313 0.66608 0.448252
0.22313 0.682787 0.451992
0.22313 0.699913 0.455739
0.22313 0.717466 0.459525
0.22313 0.735459 0.463362
0.22313 0.753901 0.467242
0.22313 0.772804 0.47114
0.22313 0.79218 0.475078
0.22313 0.81204 0.479067
0.22313 0.832397 0.483073
0.22313 0.853262 0.487094
0.22313 0.874649 0.491152
0.22313 0.896571 0.495244
0.22313 0.919041 0.499345
0.22313 0.942073 0.503477
0.22313 0.965681 0.507648
0.22313 0.989878 0.511829
0.22313 1.01468 0.516036
0.22313 1.0401 0.520282
0.22313 1.06616 0.524566
0.22313 1.09287 0.528865
0.22313 1.12025 0.533196
0.22313 1.14831 0.537562
0.22313 1.17707 0.541949
0.22313 1.20656 0.546355
0.22313 1.23678 0.550791
0.22313 1.26775 0.555252
0.22313 1.2995 0.559746
0.22313 1.33204 0.564255
0.22313 1.3654 0.568793
0.22313 1.39959 0.573364
0.22313 1.43464 0.577962
0.22313 1.47056 0.582584
0.22313 1.50738 0.587229
0.22313 1.54512 0.591902
0.22313 1.5838 0.596602
0.22313 1.62345 0.60133
0.22313 1.6641 0.606085
0.22313 1.70575 0.610861
0.22313 1.74845 0.615667
0.22313 1.79222 0.620503
0.22313 1.83708 0.625368
0.22313 1.88306 0.630262
0.22313 1.9302 0.635176
0.22313 1.97851 0.640123
0.22313 2.02802 0.645101
0.22313 2.07878 0.650109
0.22313 2.13081 0.65515
0.22313 2.18413 0.66022
0.22313 2.23879 0.66532
0.22313 2.29482 0.670454
0.22313 2.35224 0.675621
0.22313 2.4111 0.680824
0.22313 2.47144 0.686064
0.22313 2.53328 0.691343
0.22313 2.59667 0.696653
0.22313 2.66164 0.702003
0.22313 2.72824 0.707394
0.22313 2.7965 0.712827
0.22313 2.86647 0.718305
0.22313 2.93818 0.72383
0.22313 3.01169 0.729402
0.22313 3.08704 0.735015
0.22313 3.16427 0.740679
0.22313 3.24344 0.746397
0.22313 3.32458 0.75217
0.22313 3.40775 0.758
0.22313 3.493 0.763888
0.22313 3.58038 0.769838
0.22313 3.66994 0.775853
0.22313 3.76175 0.781928
0.22313 3.85585 0.788072
0.22313 3.9523 0.79429
0.22313 4.05116 0.800584
0.22313 4.1525 0.806956
0.22313 4.25636 0.813408
0.22313 4.36283 0.819946
0.22313 4.47195 0.826574
0.22313 4.58381 0.833294
0.22313 4.69846 0.840108
0.22313 4.81598 0.847019
0.22313 4.93643 0.854036
0.22313 5.0599 0.861161
0.22313 5.18645 0.868399
0.22313 5.31617 0.875755
0.22313 5.44913 0.883233
0.22313 5.58541 0.890837
0.22313 5.7251 0.898572
0.22313 5.86829 0.906445
0.22313 6.01505 0.914461
0.22313 6.16548 0.922624
0.22313 6.31967 0.930939
0.22313 6.47772 0.939412
0.22313 6.63972 0.94805
0.22313 6.80577 0.956859
0.22313 6.97597 0.965846
0.22313 7.15042 0.975017
0.22313 7.32924 0.984378
0.22313 7.51253 0.993936
0.22313 7.7004 1.0037
0.22313 7.89296 1.01367
0.22313 8.09034 1.02386
0.22313 8.29266 1.03427
0.22313 8.50003 1.04491
0.22313 8.71258 1.0558
0.22313 8.93045 1.06692
0.22313 9.15377 1.07831
0.22313 9.38267 1.08995
0.22313 9.61729 1.10186
0.22313 9.85778 1.11405
0.22313 10.1043 1.12652
0.22313 10.3569 1.13928
0.22313 10.6159 1.15235
0.22313 10.8814 1.16572
0.22313 11.1535 1.17941
0.22313 11.4324 1.19343
0.22313 11.7182 1.20779
0.22313 12.0112 1.22249
0.22313 12.3116 1.23754
0.22313 12.6194 1.25296
0.22313 12.935 1.26875
0.22313 13.2584 1.28492
0.22313 13.5899 1.30148
0.22313 13.9297 1.31845
0.22313 14.278 1.33582
0.22313 14.635 1.35362
0.22313 15.0009 1.37185
0.22313 15.376 1.39053
0.22313 15.7605 1.40966
0.22313 16.1545 1.42926
0.22313 16.5585 1.44933
0.22313 16.9725 1.4699
0.22313 17.3969 1.49097
0.22313 17.8318 1.51255
0.22313 18.2777 1.53467
0.22313 18.7347 1.55732
0.22313 19.2031 1.58053
0.22313 19.6832 1.6043
0.22313 20.1754 1.62866
0.22313 20.6798 1.65362
0.22313 21.1969 1.67918
0.22313 21.7268 1.70538
0.22313 22.2701 1.73222
0.22313 22.8269 1.75971
0.22313 23.3976 1.78789
0.22313 23.9826 1.81675
0.22313 24.5822 1.84633
0.22313 25.1968 1.87663
0.22313 25.8268 1.90768
0.22313 26.4725 1.93949
0.22313 27.1344 1.97209
0.22313 27.8128 2.00549
0.22313 28.5082 2.03971
0.22313 29.2209 2.07478
0.22313 29.9515 2.11071
0.22313 30.7004 2.14753
0.22313 31.4679 2.18525
0.22313 32.2547 2.22391
0.22313 33.0611 2.26353
0.22313 33.8877 2.30412
0.22313 34.7349 2.34571
0.22313 35.6034 2.38834
0.22313 36.4935 2.43201
0.22313 37.4059 2.47677
0.22313 38.3411 2.52264
0.22313 39.2997 2.56964
0.22313 40.2822 2.6178
0.22313 41.2894 2.66716
0.22313 42.3216 2.71774
0.22313 43.3797 2.76957
0.22313 44.4643 2.82269
0.22313 45.576 2.87712
0.22313 46.7154 2.93291
0.22313 47.8833 2.99008
0.22313 49.0805 3.04866
0.22313 50.3076 3.10871
0.22313 51.5653 3.17024
0.22313 52.8545 3.2333
0.22313 54.1759 3.29792
0.22313 55.5304 3.36415
0.22313 56.9187 3.43203
0.22313 58.3417 3.50159
0.22313 59.8003 3.57288
0.22313 61.2954 3.64595
0.22313 62.8278 3.72083
0.22313 64.3986 3.79757
0.22313 66.0086 3.87623
0.22313 67.6588 3.95684
0.22313 69.3504 4.03945
0.22313 71.0842 4.12412
0.22313 72.8613 4.2109
0.22313 74.6829 4.29984
0.22313 76.5501 4.391
0.22313 78.4639 4.48442
0.22313 80.4255 4.58017
0.22313 82.4362 4.67831
0.22313 84.4972 4.77889
0.22313 86.6097 4.88197
0.22313 88.775 4.98763
0.22313 90.9944 5.09592
0.22313 93.2693 5.20691
0.22313 95.6011 5.32066
0.22313 97.9912 5.43725
0.22313 100.441 5.55675
0.22313 102.952 5.67923
0.22313 105.526 5.80476
0.22313 108.164 5.93342
0.22313 110.868 6.06529
0.22313 113.64 6.20045
0.22313 116.481 6.33899
0.22313 119.393 6.48098
0.22313 122.378 6.62651
0.22313 125.438 6.77568
0.22313 128.574 6.92856
0.22313 131.788 7.08526
0.22313 135.083 7.24588
0.22313 138.46 7.4105
0.22313 141.921 7.57923
0.22313 145.47 7.75218
0.22313 149.106 7.92944
0.22313 152.834 8.11113
0.22313 156.655 8.29735
0.22313 160.571 8.48822
0.22313 164.586 8.68386
0.22313 168.7 8.88439
0.22313 172.918 9.08992
0.22313 177.241 9.30059
0.22313 181.672 9.51652
0.22313 186.214 9.73784
0.22313 190.869 9.96469
0.22313 195.641 10.1972
0.22313 200.532 10.4355
0.22313 205.546 10.6798
0.22313 210.684 10.9302
0.22313 215.951 11.1868
0.22313 221.35 11.4499
0.22313 226.884 11.7195
0.22313 232.556 11.9958
0.22313 238.37 12.2791
0.22313 244.329 12.5694
0.22313 250.438 12.867
0.22313 256.699 13.172
0.22313 263.116 13.4847
0.22313 269.694 13.8051
0.22313 276.437 14.1336
0.22313 283.348 14.4703
0.22313 290.431 14.8154
0.22313 297.692 15.1691
0.22313 305.135 15.5316
0.22313 312.763 15.9032
0.22313 320.582 16.2841
0.22313 328.597 16.6746
0.22313 336.812 17.0747
0.22313 345.232 17.4849
0.22313 353.863 17.9053
0.22313 362.71 18.3363
0.22313 371.777 18.778
0.22313 381.072 19.2307
0.22313 390.599 19.6948
0.22313 400.364 20.1704
0.22313 410.373 20.658
0.22313 420.632 21.1577
0.22313 431.148 21.67
0.22313 441.927 22.195
0.22313 452.975 22.7331
0.22313 464.3 23.2847
0.22313 475.907 23.8501
0.22313 487.805 24.4297
0.22313 500 25.0237

0.367879 0 0.260068
0.367879 5.56805e-05 0.260126
0.367879 0.000112753 0.260186
0.367879 0.000171252 0.260248
0.367879 0.000231214 0.260311
0.367879 0.000292675 0.260375
0.367879 0.000355672 0.260442
0.367879 0.000420245 0.26051
0.367879 0.000486431 0.260579
0.367879 0.000554273 0.260651
0.367879 0.00062381 0.260724
0.367879 0.000695086 0.260799
0.367879 0.000768143 0.260876
0.367879 0.000843027 0.260954
0.367879 0.000919784 0.261035
0.367879 0.000998459 0.261118
0.367879 0.0010791 0.261203
0.367879 0.00116176 0.26129
0.367879 0.00124648 0.261379
0.367879 0.00133333 0.26147
0.367879 0.00142234 0.261564
0.367879 0.00151358 0.26166
0.367879 0.0016071 0.261758
0.367879 0.00170296 0.261859
0.367879 0.00180121 0.261962
0.367879 0.00190192 0.262068
0.367879 0.00200515 0.262177
0.367879 0.00211096 0.262288
0.367879 0.00221941 0.262402
0.367879 0.00233058 0.262519
0.367879 0.00244452 0.262639
0.367879 0.00256132 0.262762
0.367879 0.00268103 0.262888
0.367879 0.00280374 0.263017
0.367879 0.00292951 0.263149
0.367879 0.00305843 0.263285
0.367879 0.00319057 0.263424
0.367879 0.00332602 0.263567
0.367879 0.00346485 0.263713
0.367879 0.00360715 0.263862
0.367879 0.00375301 0.264016
0.367879 0.00390251 0.264173
0.367879 0.00405576 0.264334
0.367879 0.00421283 0.264499
0.367879 0.00437383 0.264669
0.367879 0.00453886 0.264842
0.367879 0.00470801 0.26502
0.367879 0.00488139 0.265203
0.367879 0.00505911 0.26539
0.367879 0.00524127 0.265581
0.367879 0.00542798 0.265778
0.367879 0.00561936 0.265979
0.367879 0.00581552 0.266185
0.367879 0.00601659 0.266397
0.367879 0.00622269 0.266614
0.367879 0.00643393 0.266836
0.367879 0.00665046 0.267064
0.367879 0.0068724 0.267297
0.367879 0.00709989 0.267537
0.367879 0.00733307 0.267782
0.367879 0.00757208 0.268033
0.367879 0.00781706 0.268291
0.367879 0.00806817 0.268555
0.367879 0.00832555 0.268826
0.367879 0.00858937 0.269104
0.367879 0.00885979 0.269388
0.367879 0.00913696 0.26968
0.367879 0.00942107 0.269979
0.367879 0.00971227 0.270285
0.367879 0.0100108 0.270599
0.367879 0.0103167 0.270921
0.367879 0.0106303 0.271251
0.367879 0.0109517 0.271589
0.367879 0.0112812 0.271935
0.367879 0.0116189 0.272291
0.367879 0.0119651 0.272655
0.367879 0.0123199 0.273028
0.367879 0.0126836 0.273411
0.367879 0.0130563 0.273803
0.367879 0.0134384 0.274205
0.367879 0.0138301 0.274617
0.367879 0.0142315 0.275039
0.367879 0.014643 0.275472
0.367879 0.0150647 0.275916
0.367879 0.015497 0.27637
0.367879 0.0159401 0.276837
0.367879 0.0163943 0.277314
0.367879 0.0168599 0.277804
0.367879 0.017337 0.278306
0.367879 0.0178261 0.278821
0.367879 0.0183275 0.279348
0.367879 0.0188413 0.279889
0.367879 0.0193681 0.280443
0.367879 0.0199079 0.281011
0.367879 0.0204613 0.281593
0.367879 0.0210285 0.28219
0.367879 0.0216099 0.282801
0.367879 0.0222059 0.283428
0.367879 0.0228167 0.284071
0.367879 0.0234428 0.284729
0.367879 0.0240845 0.285404
0.367879 0.0247423 0.286096
0.367879 0.0254166 0.286806
0.367879 0.0261077 0.287533
0.367879 0.026816 0.288278
0.367879 0.0275421 0.289042
0.367879 0.0282863 0.289825
0.367879 0.0290492 0.290627
0.367879 0.0298311 0.29145
0.367879 0.0306325 0.292293
0.367879 0.031454 0.293157
0.367879 0.0322961 0.294043
0.367879 0.0331592 0.294951
0.367879 0.0340438 0.29558
0.367879 0.0349506 0.296115
0.367879 0.03588 0.296663
0.367879 0.0368327 0.297225
0.367879 0.0378092 0.2978
0.367879 0.0388101 0.298389
0.367879 0.0398361 0.298992
0.367879 0.0408876 0.299609
0.367879 0.0419655 0.300242
0.367879 0.0430703 0.30089
0.367879 0.0442028 0.301553
0.367879 0.0453635 0.302233
0.367879 0.0465533 0.302929
0.367879 0.0477728 0.303641
0.367879 0.0490228 0.304371
0.367879 0.050304 0.305118
0.367879 0.0516173 0.305883
0.367879 0.0529634 0.306666
0.367879 0.0543432 0.307468
0.367879 0.0557575 0.30829
0.367879 0.0572071 0.30913
0.367879 0.0586929 0.309991
0.367879 0.0602159 0.310873
0.367879 0.061777 0.311775
0.367879 0.0633771 0.312699
0.367879 0.0650172 0.313644
0.367879 0.0666984 0.314611
0.367879 0.0684215 0.315599
0.367879 0.0701877 0.316609
0.367879 0.0719981 0.317642
0.367879 0.0738537 0.318699
0.367879 0.0757557 0.319782
0.367879 0.0777053 0.320889
0.367879 0.0797036 0.322022
0.367879 0.0817519 0.323182
0.367879 0.0838514 0.324369
0.367879 0.0860033 0.325583
0.367879 0.0882091 0.326825
0.367879 0.09047 0.328095
0.367879 0.0927874 0.329395
0.367879 0.0951628 0.330725
0.367879 0.0975976 0.332085
0.367879 0.100093 0.333476
0.367879 0.102651 0.334898
0.367879 0.105273 0.33622
0.367879 0.107961 0.33754
0.367879 0.110715 0.338887
0.367879 0.113539 0.340261
0.367879 0.116433 0.341664
0.367879 0.1194 0.343094
0.367879 0.12244 0.344555
0.367879 0.125557 0.346044
0.367879 0.128752 0.347563
0.367879 0.132026 0.349112
0.367879 0.135382 0.350692
0.367879 0.138823 0.352303
0.367879 0.142349 0.353946
0.367879 0.145963 0.355621
0.367879 0.149668 0.357329
0.367879 0.153465 0.359069
0.367879 0.157358 0.360843
0.367879 0.161347 0.36265
0.367879 0.165437 0.36449
0.367879 0.169628 0.366208
0.367879 0.173925 0.367871
0.367879 0.178328 0.369568
0.367879 0.182842 0.3713
0.367879 0.187469 0.373069
0.367879 0.192211 0.374875
0.367879 0.197072 0.37672
0.367879 0.202055 0.378603
0.367879 0.207162 0.380525
0.367879 0.212397 0.382487
0.367879 0.217762 0.384455
0.367879 0.223262 0.38642
0.367879 0.228899 0.38842
0.367879 0.234677 0.39046
0.367879 0.2406 0.39253
0.367879 0.246671 0.394638
0.367879 0.252893 0.396785
0.367879 0.259271 0.398971
0.367879 0.265809 0.401197
0.367879 0.27251 0.403448
0.367879 0.279378 0.405722
0.367879 0.286418 0.408037
0.367879 0.293634 0.410391
0.367879 0.301031 0.412784
0.367879 0.308612 0.415165
0.367879 0.316383 0.41752
0.367879 0.324349 0.419916
0.367879 0.332513 0.422356
0.367879 0.340881 0.424836
0.367879 0.349459 0.427357
0.367879 0.358251 0.429914
0.367879 0.367263 0.432453
0.367879 0.376501 0.434967
0.367879 0.385969 0.437513
0.367879 0.395674 0.440102
0.367879 0.405621 0.442731
0.367879 0.415817 0.445402
0.367879 0.426268 0.44811
0.367879 0.436981 0.450843
0.367879 0.447961 0.453608
0.367879 0.459216 0.456414
0.367879 0.470752 0.45926
0.367879 0.482576 0.462139
0.367879 0.494696 0.465025
0.367879 0.507119 0.467934
0.367879 0.519853 0.47088
0.367879 0.532905 0.47387
0.367879 0.546283 0.476895
0.367879 0.559996 0.479918
0.367879 0.574052 0.482949
0.367879 0.588459 0.486019
0.367879 0.603226 0.48913
0.367879 0.618362 0.492267
0.367879 0.633877 0.495419
0.367879 0.64978 0.4986
0.367879 0.66608 0.501818
0.367879 0.682787 0.505068
0.367879 0.699913 0.50835
0.367879 0.717466 0.511658
0.367879 0.735459 0.515001
0.367879 0.753901 0.518379
0.367879 0.772804 0.52178
0.367879 0.79218 0.525199
0.367879 0.81204 0.528649
0.367879 0.832397 0.532136
0.367879 0.853262 0.535639
0.367879 0.874649 0.539168
0.367879 0.896571 0.54273
0.367879 0.919041 0.546321
0.367879 0.942073 0.549939
0.367879 0.965681 0.553582
0.367879 0.989878 0.557261
0.367879 1.01468 0.56097
0.367879 1.0401 0.564705
0.367879 1.06616 0.56847
0.367879 1.09287 0.572261
0.367879 1.12025 0.576077
0.367879 1.14831 0.579925
0.367879 1.17707 0.583802
0.367879 1.20656 0.587708
0.367879 1.23678 0.591637
0.367879 1.26775 0.595596
0.367879 1.2995 0.599587
0.367879 1.33204 0.603608
0.367879 1.3654 0.60766
0.367879 1.39959 0.611741
0.367879 1.43464 0.615847
0.367879 1.47056 0.619984
0.367879 1.50738 0.624152
0.367879 1.54512 0.62835
0.367879 1.5838 0.632582
0.367879 1.62345 0.636847
0.367879 1.6641 0.641137
0.367879 1.70575 0.645458
0.367879 1.74845 0.649812
0.367879 1.79222 0.6542
0.367879 1.83708 0.658622
0.367879 1.88306 0.66308
0.367879 1.9302 0.667575
0.367879 1.97851 0.672096
0.367879 2.02802 0.676653
0.367879 2.07878 0.681248
0.367879 2.13081 0.685882
0.367879 2.18413 0.690556
0.367879 2.23879 0.695269
0.367879 2.29482 0.700021
0.367879 2.35224 0.704812
0.367879 2.4111 0.70964
0.367879 2.47144 0.714513
0.367879 2.53328 0.719431
0.367879 2.59667 0.724396
0.367879 2.66164 0.729407
0.367879 2.72824 0.734466
0.367879 2.7965 0.739576
0.367879 2.86647 0.744738
0.367879 2.93818 0.749948
0.367879 3.01169 0.755213
0.367879 3.08704 0.760534
0.367879 3.16427 0.765914
0.367879 3.24344 0.771354
0.367879 3.32458 0.776856
0.367879 3.40775 0.782422
0.367879 3.493 0.788056
0.367879 3.58038 0.79376
0.367879 3.66994 0.799535
0.367879 3.76175 0.805382
0.367879 3.85585 0.811305
0.367879 3.9523 0.817309
0.367879 4.05116 0.823395
0.367879 4.1525 0.829567
0.367879 4.25636 0.835829
0.367879 4.36283 0.842184
0.367879 4.47195 0.848635
0.367879 4.58381 0.855186
0.367879 4.69846 0.861841
0.367879 4.81598 0.868603
0.367879 4.93643 0.875476
0.367879 5.0599 0.882464
0.367879 5.18645 0.889569
0.367879 5.31617 0.896798
0.367879 5.44913 0.904156
0.367879 5.58541 0.911647
0.367879 5.7251 0.919276
0.367879 5.86829 0.927048
0.367879 6.01505 0.934969
0.367879 6.16548 0.943043
0.367879 6.31967 0.951276
0.367879 6.47772 0.959674
0.367879 6.63972 0.968243
0.367879 6.80577 0.976988
0.367879 6.97597 0.985915
0.367879 7.15042 0.99503
0.367879 7.32924 1.00434
0.367879 7.51253 1.01385
0.367879 7.7004 1.02357
0.367879 7.89296 1.0335
0.367879 8.09034 1.04365
0.367879 8.29266 1.05403
0.367879 8.50003 1.06464
0.367879 8.71258 1.07549
0.367879 8.93045 1.0866
0.367879 9.15377 1.09795
0.367879 9.38267 1.10958
0.367879 9.61729 1.12147
0.367879 9.85778 1.13364
0.367879 10.1043 1.1461
0.367879 10.3569 1.15885
0.367879 10.6159 1.1719
0.367879 10.8814 1.18527
0.367879 11.1535 1.19895
0.367879 11.4324 1.21297
0.367879 11.7182 1.22732
0.367879 12.0112 1.24201
0.367879 12.3116 1.25706
0.367879 12.6194 1.27247
0.367879 12.935 1.28826
0.367879 13.2584 1.30443
0.367879 13.5899 1.32099
0.367879 13.9297 1.33795
0.367879 14.278 1.35532
0.367879 14.635 1.37312
0.367879 15.0009 1.39135
0.367879 15.376 1.41003
0.367879 15.7605 1.42916
0.367879 16.1545 1.44876
0.367879 16.5585 1.46883
0.367879 16.9725 1.4894
0.367879 17.3969 1.51047
0.367879 17.8318 1.53205
0.367879 18.2777 1.55417
0.367879 18.7347 1.57682
0.367879 19.2031 1.60003
0.367879 19.6832 1.62381
0.367879 20.1754 1.64817
0.367879 20.6798 1.67312
0.367879 21.1969 1.69869
0.367879 21.7268 1.72489
0.367879 22.2701 1.75173
0.367879 22.8269 1.77923
0.367879 23.3976 1.80741
0.367879 23.9826 1.83628
0.367879 24.5822 1.86585
0.367879 25.1968 1.89616
0.367879 25.8268 1.92721
0.367879 26.4725 1.95903
0.367879 27.1344 1.99163
0.367879 27.8128 2.02503
0.367879 28.5082 2.05925
0.367879 29.2209 2.09432
0.367879 29.9515 2.13026
0.367879 30.7004 2.16708
0.367879 31.4679 2.20481
0.367879 32.2547 2.24347
0.367879 33.0611 2.28309
0.367879 33.8877 2.32369
0.367879 34.7349 2.36528
0.367879 35.6034 2.40791
0.367879 36.4935 2.45159
0.367879 37.4059 2.49635
0.367879 38.3411 2.54222
0.367879 39.2997 2.58923
0.367879 40.2822 2.6374
0.367879 41.2894 2.68676
0.367879 42.3216 2.73734
0.367879 43.3797 2.78918
0.367879 44.4643 2.8423
0.367879 45.576 2.89674
0.367879 46.7154 2.95253
0.367879 47.8833 3.0097
0.367879 49.0805 3.06829
0.367879 50.3076 3.12834
0.367879 51.5653 3.18987
0.367879 52.8545 3.25294
0.367879 54.1759 3.31757
0.367879 55.5304 3.3838
0.367879 56.9187 3.45168
0.367879 58.3417 3.52125
0.367879 59.8003 3.59255
0.367879 61.2954 3.66562
0.367879 62.8278 3.7405
0.367879 64.3986 3.81725
0.367879 66.0086 3.89591
0.367879 67.6588 3.97652
0.367879 69.3504 4.05914
0.367879 71.0842 4.14381
0.367879 72.8613 4.2306
0.367879 74.6829 4.31954
0.367879 76.5501 4.4107
0.367879 78.4639 4.50413
0.367879 80.4255 4.59988
0.367879 82.4362 4.69802
0.367879 84.4972 4.79861
0.367879 86.6097 4.9017
0.367879 88.775 5.00736
0.367879 90.9944 5.11565
0.367879 93.2693 5.22664
0.367879 95.6011 5.3404
0.367879 97.9912 5.45699
0.367879 100.441 5.57649
0.367879 102.952 5.69898
0.367879 105.526 5.82451
0.367879 108.164 5.95318
0.367879 110.868 6.08505
0.367879 113.64 6.22022
0.367879 116.481 6.35875
0.367879 119.393 6.50075
0.367879 122.378 6.64628
0.367879 125.438 6.79545
0.367879 128.574 6.94834
0.367879 131.788 7.10505
0.367879 135.083 7.26566
0.367879 138.46 7.43029
0.367879 141.921 7.59903
0.367879 145.47 7.77197
0.367879 149.106 7.94924
0.367879 152.834 8.13093
0.367879 156.655 8.31715
0.367879 160.571 8.50803
0.367879 164.586 8.70367
0.367879 168.7 8.9042
0.367879 172.918 9.10974
0.367879 177.241 9.32041
0.367879 181.672 9.53634
0.367879 186.214 9.75766
0.367879 190.869 9.98451
0.367879 195.641 10.217
0.367879 200.532 10.4554
0.367879 205.546 10.6996
0.367879 210.684 10.95
0.367879 215.951 11.2067
0.367879 221.35 11.4697
0.367879 226.884 11.7393
0.367879 232.556 12.0157
0.367879 238.37 12.2989
0.367879 244.329 12.5893
0.367879 250.438 12.8869
0.367879 256.699 13.1919
0.367879 263.116 13.5045
0.367879 269.694 13.825
0.367879 276.437 14.1535
0.367879 283.348 14.4901
0.367879 290.431 14.8352
0.367879 297.692 15.1889
0.367879 305.135 15.5515
0.367879 312.763 15.9231
0.367879 320.582 16.304
0.367879 328.597 16.6944
0.367879 336.812 17.0946
0.367879 345.232 17.5048
0.367879 353.863 17.9252
0.367879 362.71 18.3562
0.367879 371.777 18.7979
0.367879 381.072 19.2506
0.367879 390.599 19.7147
0.367879 400.364 20.1903
0.367879 410.373 20.6779
0.367879 420.632 21.1776
0.367879 431.148 21.6898
0.367879 441.927 22.2149
0.367879 452.975 22.753
0.367879 464.3 23.3046
0.367879 475.907 23.87
0.367879 487.805 24.4496
0.367879 500 25.0436

0.606531 0 0.404105
0.606531 5.56805e-05 0.404133
0.606531 0.000112753 0.404161
0.606531 0.000171252 0.404191
0.606531 0.000231214 0.404221
0.606531 0.000292675 0.404251
0.606531 0.000355672 0.404283
0.606531 0.000420245 0.404315
0.606531 0.000486431 0.404349
0.606531 0.000554273 0.404383
0.606531 0.00062381 0.404417
0.606531 0.000695086 0.404453
0.606531 0.000768143 0.40449
0.606531 0.000843027 0.404527
0.606531 0.000919784 0.404566
0.606531 0.000998459 0.404605
0.606531 0.0010791 0.404646
0.606531 0.00116176 0.404687
0.606531 0.00124648 0.40473
0.606531 0.00133333 0.404773
0.606531 0.00142234 0.404818
0.606531 0.00151358 0.404863
0.606531 0.0016071 0.40491
0.606531 0.00170296 0.404958
0.606531 0.00180121 0.405007
0.606531 0.00190192 0.405058
0.606531 0.00200515 0.405109
0.606531 0.00211096 0.405162
0.606531 0.00221941 0.405216
0.606531 0.00233058 0.405272
0.606531 0.00244452 0.405329
0.606531 0.00256132 0.405387
0.606531 0.00268103 0.405447
0.606531 0.00280374 0.405509
0.606531 0.00292951 0.405571
0.606531 0.00305843 0.405636
0.606531 0.00319057 0.405702
0.606531 0.00332602 0.405769
0.606531 0.00346485 0.405839
0.606531 0.00360715 0.40591
0.606531 0.00375301 0.405982
0.606531 0.00390251 0.406057
0.606531 0.00405576 0.406133
0.606531 0.00421283 0.406212
0.606531 0.00437383 0.406292
0.606531 0.00453886 0.406374
0.606531 0.00470801 0.406458
0.606531 0.00488139 0.406545
0.606531 0.00505911 0.406633
0.606531 0.00524127 0.406724
0.606531 0.00542798 0.406817
0.606531 0.00561936 0.406912
0.606531 0.00581552 0.407009
0.606531 0.00601659 0.407109
0.606531 0.00622269 0.407212
0.606531 0.00643393 0.407317
0.606531 0.00665046 0.407424
0.606531 0.0068724 0.407534
0.606531 0.00709989 0.407647
0.606531 0.00733307 0.407763
0.606531 0.00757208 0.407881
0.606531 0.00781706 0.408003
0.606531 0.00806817 0.408127
0.606531 0.00832555 0.408254
0.606531 0.00858937 0.408385
0.606531 0.00885979 0.408519
0.606531 0.00913696 0.408656
0.606531 0.00942107 0.408796
0.606531 0.00971227 0.40894
0.606531 0.0100108 0.409087
0.606531 0.0103167 0.409238
0.606531 0.0106303 0.409393
0.606531 0.0109517 0.409551
0.606531 0.0112812 0.409714
0.606531 0.0116189 0.40988
0.606531 0.0119651 0.41005
0.606531 0.0123199 0.410225
0.606531 0.0126836 0.410403
0.606531 0.0130563 0.410586
0.606531 0.0134384 0.410774
0.606531 0.0138301 0.410966
0.606531 0.0142315 0.411163
0.606531 0.014643 0.411365
0.606531 0.0150647 0.411571
0.606531 0.015497 0.41177
0.606531 0.0159401 0.411963
0.606531 0.0163943 0.412161
0.606531 0.0168599 0.412361
0.606531 0.017337 0.412558
0.606531 0.0178261 0.412761
0.606531 0.0183275 0.412968
0.606531 0.0188413 0.413181
0.606531 0.0193681 0.413398
0.606531 0.0199079 0.413621
0.606531 0.0204613 0.413849
0.606531 0.0210285 0.414082
0.606531 0.0216099 0.414321
0.606531 0.0222059 0.414566
0.606531 0.0228167 0.414816
0.606531 0.0234428 0.415073
0.606531 0.0240845 0.415335
0.606531 0.0247423 0.415604
0.606531 0.0254166 0.415879
0.606531 0.0261077 0.416161
0.606531 0.026816 0.416449
0.606531 0.0275421 0.416744
0.606531 0.0282863 0.417045
0.606531 0.0290492 0.417355
0.606531 0.0298311 0.417671
0.606531 0.0306325 0.417994
0.606531 0.031454 0.418325
0.606531 0.0322961 0.418664
0.606531 0.0331592 0.419011
0.606531 0.0340438 0.419366
0.606531 0.0349506 0.419729
0.606531 0.03588 0.420101
0.606531 0.0368327 0.42048
0.606531 0.0378092 0.42087
0.606531 0.0388101 0.421267
0.606531 0.0398361 0.421674
0.606531 0.0408876 0.42209
0.606531 0.0419655 0.422517
0.606531 0.0430703 0.422952
0.606531 0.0442028 0.423398
0.606531 0.0453635 0.423853
0.606531 0.0465533 0.424319
0.606531 0.0477728 0.424796
0.606531 0.0490228 0.425284
0.606531 0.050304 0.425782
0.606531 0.0516173 0.426292
0.606531 0.0529634 0.426813
0.606531 0.0543432 0.427346
0.606531 0.0557575 0.427891
0.606531 0.0572071 0.428448
0.606531 0.0586929 0.429017
0.606531 0.0602159 0.429599
0.606531 0.061777 0.430194
0.606531 0.0633771 0.430802
0.606531 0.0650172 0.431424
0.606531 0.0666984 0.432059
0.606531 0.0684215 0.432707
0.606531 0.0701877 0.43337
0.606531 0.0719981 0.434039
0.606531 0.0738537 0.434694
0.606531 0.0757557 0.435353
0.606531 0.0777053 0.436024
0.606531 0.0797036 0.436709
0.606531 0.0817519 0.437408
0.606531 0.0838514 0.438123
0.606531 0.0860033 0.438854
0.606531 0.0882091 0.439601
0.606531 0.09047 0.440365
0.606531 0.0927874 0.441146
0.606531 0.0951628 0.441944
0.606531 0.0975976 0.44276
0.606531 0.100093 0.443594
0.606531 0.102651 0.444446
0.606531 0.105273 0.445317
0.606531 0.107961 0.446207
0.606531 0.110715 0.447116
0.606531 0.113539 0.448046
0.606531 0.116433 0.448995
0.606531 0.1194 0.449939
0.606531 0.12244 0.450894
0.606531 0.125557 0.451866
0.606531 0.128752 0.452859
0.606531 0.132026 0.453873
0.606531 0.135382 0.454907
0.606531 0.138823 0.455956
0.606531 0.142349 0.457023
0.606531 0.145963 0.458112
0.606531 0.149668 0.459222
0.606531 0.153465 0.460355
0.606531 0.157358 0.461511
0.606531 0.161347 0.46269
0.606531 0.165437 0.46389
0.606531 0.169628 0.46511
0.606531 0.173925 0.46635
0.606531 0.178328 0.467613
0.606531 0.182842 0.468901
0.606531 0.187469 0.470214
0.606531 0.192211 0.471551
0.606531 0.197072 0.472914
0.606531 0.202055 0.474285
0.606531 0.207162 0.475651
0.606531 0.212397 0.477027
0.606531 0.217762 0.47843
0.606531 0.223262 0.47986
0.606531 0.228899 0.481317
0.606531 0.234677 0.482802
0.606531 0.2406 0.484315
0.606531 0.246671 0.48585
0.606531 0.252893 0.487403
0.606531 0.259271 0.488973
0.606531 0.265809 0.49055
0.606531 0.27251 0.492147
0.606531 0.279378 0.493772
0.606531 0.286418 0.495428
0.606531 0.293634 0.497111
0.606531 0.301031 0.498822
0.606531 0.308612 0.500561
0.606531 0.316383 0.502325
0.606531 0.324349 0.50411
0.606531 0.332513 0.505919
0.606531 0.340881 0.507755
0.606531 0.349459 0.509623
0.606531 0.358251 0.511521
0.606531 0.367263 0.51345
0.606531 0.376501 0.515395
0.606531 0.385969 0.517356
0.606531 0.395674 0.519344
0.606531 0.405621 0.521363
0.606531 0.415817 0.523412
0.606531 0.426268 0.525494
0.606531 0.436981 0.527602
0.606531 0.447961 0.529725
0.606531 0.459216 0.531864
0.606531 0.470752 0.53403
0.606531 0.482576 0.536228
0.606531 0.494696 0.538458
0.606531 0.507119 0.540719
0.606531 0.519853 0.543005
0.606531 0.532905 0.545317
0.606531 0.546283 0.547655
0.606531 0.559996 0.550023
0.606531 0.574052 0.552423
0.606531 0.588459 0.55485
0.606531 0.603226 0.557306
0.606531 0.618362 0.559791
0.606531 0.633877 0.562308
0.606531 0.64978 0.564852
0.606531 0.66608 0.567419
0.606531 0.682787 0.570013
0.606531 0.699913 0.572639
0.606531 0.717466 0.575296
0.606531 0.735459 0.577982
0.606531 0.753901 0.580696
0.606531 0.772804 0.583439
0.606531 0.79218 0.586211
0.606531 0.81204 0.589014
0.606531 0.832397 0.591849
0.606531 0.853262 0.594715
0.606531 0.874649 0.597613
0.606531 0.896571 0.60054
0.606531 0.919041 0.603495
0.606531 0.942073 0.606481
0.606531 0.965681 0.6095
0.606531 0.989878 0.612548
0.606531 1.01468 0.615628
0.606531 1.0401 0.618739
0.606531 1.06616 0.621881
0.606531 1.09287 0.625056
0.606531 1.12025 0.628264
0.606531 1.14831 0.631504
0.606531 1.17707 0.634778
0.606531 1.20656 0.638084
0.606531 1.23678 0.641423
0.606531 1.26775 0.644796
0.606531 1.2995 0.648204
0.606531 1.33204 0.651644
0.606531 1.3654 0.655118
0.606531 1.39959 0.658627
0.606531 1.43464 0.66217
0.606531 1.47056 0.665751
0.606531 1.50738 0.669366
0.606531 1.54512 0.673018
0.606531 1.5838 0.676706
0.606531 1.62345 0.680432
0.606531 1.6641 0.684197
0.606531 1.70575 0.688
0.606531 1.74845 0.691842
0.606531 1.79222 0.695725
0.606531 1.83708 0.699648
0.606531 1.88306 0.703612
0.606531 1.9302 0.707615
0.606531 1.97851 0.711661
0.606531 2.02802 0.715751
0.606531 2.07878 0.719885
0.606531 2.13081 0.724063
0.606531 2.18413 0.728286
0.606531 2.23879 0.732556
0.606531 2.29482 0.736875
0.606531 2.35224 0.741243
0.606531 2.4111 0.745661
0.606531 2.47144 0.750131
0.606531 2.53328 0.754653
0.606531 2.59667 0.759229
0.606531 2.66164 0.763861
0.606531 2.72824 0.76855
0.606531 2.7965 0.773297
0.606531 2.86647 0.778102
0.606531 2.93818 0.782969
0.606531 3.01169 0.787899
0.606531 3.08704 0.792893
0.606531 3.16427 0.797955
0.606531 3.24344 0.803085
0.606531 3.32458 0.808287
0.606531 3.40775 0.813562
0.606531 3.493 0.818914
0.606531 3.58038 0.824343
0.606531 3.66994 0.829853
0.606531 3.76175 0.835447
0.606531 3.85585 0.841127
0.606531 3.9523 0.846895
0.606531 4.05116 0.852755
0.606531 4.1525 0.85871
0.606531 4.25636 0.864763
0.606531 4.36283 0.870916
0.606531 4.47195 0.877174
0.606531 4.58381 0.883539
0.606531 4.69846 0.890015
0.606531 4.81598 0.896605
0.606531 4.93643 0.903315
0.606531 5.0599 0.910147
0.606531 5.18645 0.917107
0.606531 5.31617 0.924199
0.606531 5.44913 0.931426
0.606531 5.58541 0.938794
0.606531 5.7251 0.946307
0.606531 5.86829 0.953969
0.606531 6.01505 0.961787
0.606531 6.16548 0.969765
0.606531 6.31967 0.977907
0.606531 6.47772 0.986221
0.606531 6.63972 0.99471
0.606531 6.80577 1.00338
0.606531 6.97597 1.01224
0.606531 7.15042 1.02129
0.606531 7.32924 1.03054
0.606531 7.51253 1.04
0.606531 7.7004 1.04967
0.606531 7.89296 1.05955
0.606531 8.09034 1.06966
0.606531 8.29266 1.08001
0.606531 8.50003 1.09058
0.606531 8.71258 1.10141
0.606531 8.93045 1.11248
0.606531 9.15377 1.12381
0.606531 9.38267 1.13541
0.606531 9.61729 1.14728
0.606531 9.85778 1.15944
0.606531 10.1043 1.17188
0.606531 10.3569 1.18461
0.606531 10.6159 1.19765
0.606531 10.8814 1.21101
0.606531 11.1535 1.22468
0.606531 11.4324 1.23869
0.606531 11.7182 1.25303
0.606531 12.0112 1.26771
0.606531 12.3116 1.28276
0.606531 12.6194 1.29816
0.606531 12.935 1.31394
0.606531 13.2584 1.33011
0.606531 13.5899 1.34666
0.606531 13.9297 1.36362
0.606531 14.278 1.381
0.606531 14.635 1.39879
0.606531 15.0009 1.41702
0.606531 15.376 1.43569
0.606531 15.7605 1.45482
0.606531 16.1545 1.47442
0.606531 16.5585 1.4945
0.606531 16.9725 1.51506
0.606531 17.3969 1.53613
0.606531 17.8318 1.55772
0.606531 18.2777 1.57983
0.606531 18.7347 1.60248
0.606531 19.2031 1.62569
0.606531 19.6832 1.64947
0.606531 20.1754 1.67383
0.606531 20.6798 1.69879
0.606531 21.1969 1.72436
0.606531 21.7268 1.75056
0.606531 22.2701 1.7774
0.606531 22.8269 1.80491
0.606531 23.3976 1.83308
0.606531 23.9826 1.86195
0.606531 24.5822 1.89153
0.606531 25.1968 1.92184
0.606531 25.8268 1.9529
0.606531 26.4725 1.98472
0.606531 27.1344 2.01732
0.606531 27.8128 2.05072
0.606531 28.5082 2.08495
0.606531 29.2209 2.12003
0.606531 29.9515 2.15596
0.606531 30.7004 2.19279
0.606531 31.4679 2.23052
0.606531 32.2547 2.26919
0.606531 33.0611 2.30881
0.606531 33.8877 2.34941
0.606531 34.7349 2.39101
0.606531 35.6034 2.43364
0.606531 36.4935 2.47733
0.606531 37.4059 2.52209
0.606531 38.3411 2.56797
0.606531 39.2997 2.61497
0.606531 40.2822 2.66315
0.606531 41.2894 2.71251
0.606531 42.3216 2.7631
0.606531 43.3797 2.81494
0.606531 44.4643 2.86807
0.606531 45.576 2.92251
0.606531 46.7154 2.97831
0.606531 47.8833 3.03548
0.606531 49.0805 3.09408
0.606531 50.3076 3.15413
0.606531 51.5653 3.21567
0.606531 52.8545 3.27874
0.606531 54.1759 3.34337
0.606531 55.5304 3.40961
0.606531 56.9187 3.4775
0.606531 58.3417 3.54707
0.606531 59.8003 3.61837
0.606531 61.2954 3.69145
0.606531 62.8278 3.76634
0.606531 64.3986 3.84309
0.606531 66.0086 3.92175
0.606531 67.6588 4.00237
0.606531 69.3504 4.08499
0.606531 71.0842 4.16967
0.606531 72.8613 4.25646
0.606531 74.6829 4.34541
0.606531 76.5501 4.43657
0.606531 78.4639 4.53001
0.606531 80.4255 4.62577
0.606531 82.4362 4.72391
0.606531 84.4972 4.8245
0.606531 86.6097 4.92759
0.606531 88.775 5.03326
0.606531 90.9944 5.14156
0.606531 93.2693 5.25255
0.606531 95.6011 5.36631
0.606531 97.9912 5.48291
0.606531 100.441 5.60242
0.606531 102.952 5.7249
0.606531 105.526 5.85044
0.606531 108.164 5.97911
0.606531 110.868 6.11099
0.606531 113.64 6.24616
0.606531 116.481 6.3847
0.606531 119.393 6.5267
0.606531 122.378 6.67224
0.606531 125.438 6.82141
0.606531 128.574 6.97431
0.606531 131.788 7.13102
0.606531 135.083 7.29164
0.606531 138.46 7.45627
0.606531 141.921 7.62501
0.606531 145.47 7.79796
0.606531 149.106 7.97523
0.606531 152.834 8.15692
0.606531 156.655 8.34315
0.606531 160.571 8.53403
0.606531 164.586 8.72968
0.606531 168.7 8.93021
0.606531 172.918 9.13575
0.606531 177.241 9.34642
0.606531 181.672 9.56235
0.606531 186.214 9.78368
0.606531 190.869 10.0105
0.606531 195.641 10.2431
0.606531 200.532 10.4814
0.606531 205.546 10.7257
0.606531 210.684 10.976
0.606531 215.951 11.2327
0.606531 221.35 11.4957
0.606531 226.884 11.7654
0.606531 232.556 12.0417
0.606531 238.37 12.325
0.606531 244.329 12.6153
0.606531 250.438 12.9129
0.606531 256.699 13.2179
0.606531 263.116 13.5306
0.606531 269.694 13.8511
0.606531 276.437 14.1795
0.606531 283.348 14.5162
0.606531 290.431 14.8613
0.606531 297.692 15.215
0.606531 305.135 15.5776
0.606531 312.763 15.9492
0.606531 320.582 16.3301
0.606531 328.597 16.7205
0.606531 336.812 17.1207
0.606531 345.232 17.5309
0.606531 353.863 17.9513
0.606531 362.71 18.3822
0.606531 371.777 18.8239
0.606531 381.072 19.2767
0.606531 390.599 19.7408
0.606531 400.364 20.2164
0.606531 410.373 20.704
0.606531 420.632 21.2037
0.606531 431.148 21.7159
0.606531 441.927 22.241
0.606531 452.975 22.7791
0.606531 464.3 23.3307
0.606531 475.907 23.8961
0.606531 487.805 24.4757
0.606531 500 25.0697

1 0 0.539226
1 5.56805e-05 0.539239
1 0.000112753 0.539251
1 0.000171252 0.539264
1 0.000231214 0.539277
1 0.000292675 0.539291
1 0.000355672 0.539305
1 0.000420245 0.539319
1 0.000486431 0.539334
1 0.000554273 0.539349
1 0.00062381 0.539364
1 0.000695086 0.53938
1 0.000768143 0.539396
1 0.000843027 0.539412
1 0.000919784 0.539429
1 0.000998459 0.539447
1 0.0010791 0.539465
1 0.00116176 0.539483
1 0.00124648 0.539502
1 0.00133333 0.539521
1 0.00142234 0.53954
1 0.00151358 0.53956
1 0.0016071 0.539581
1 0.00170296 0.539602
1 0.00180121 0.539624
1 0.00190192 0.539646
1 0.00200515 0.539669
1 0.00211096 0.539692
1 0.00221941 0.539716
1 0.00233058 0.539741
1 0.00244452 0.539765
1 0.00256132 0.539791
1 0.00268103 0.539817
1 0.00280374 0.539843
1 0.00292951 0.539871
1 0.00305843 0.539899
1 0.00319057 0.539928
1 0.00332602 0.539957
1 0.00346485 0.539987
1 0.00360715 0.540018
1 0.00375301 0.54005
1 0.00390251 0.540082
1 0.00405576 0.540115
1 0.00421283 0.54015
1 0.00437383 0.540185
1 0.00453886 0.54022
1 0.00470801 0.540257
1 0.00488139 0.540295
1 0.00505911 0.540333
1 0.00524127 0.540373
1 0.00542798 0.540414
1 0.00561936 0.540455
1 0.00581552 0.540498
1 0.00601659 0.540541
1 0.00622269 0.540586
1 0.00643393 0.540632
1 0.00665046 0.540679
1 0.0068724 0.540727
1 0.00709989 0.540777
1 0.00733307 0.540827
1 0.00757208 0.540879
1 0.00781706 0.540932
1 0.00806817 0.540986
1 0.00832555 0.541042
1 0.00858937 0.541099
1 0.00885979 0.541157
1 0.00913696 0.541217
1 0.00942107 0.541278
1 0.00971227 0.541341
1 0.0100108 0.541405
1 0.0103167 0.541471
1 0.0106303 0.541539
1 0.0109517 0.541608
1 0.0112812 0.541679
1 0.0116189 0.541752
1 0.0119651 0.541827
1 0.0123199 0.541904
1 0.0126836 0.541982
1 0.0130563 0.542062
1 0.0134384 0.542144
1 0.0138301 0.542228
1 0.0142315 0.542314
1 0.014643 0.542403
1 0.0150647 0.542493
1 0.015497 0.542586
1 0.0159401 0.542681
1 0.0163943 0.542779
1 0.0168599 0.542879
1 0.017337 0.542981
1 0.0178261 0.543086
1 0.0183275 0.543193
1 0.0188413 0.543303
1 0.0193681 0.543415
1 0.0199079 0.54353
1 0.0204613 0.543648
1 0.0210285 0.543769
1 0.0216099 0.543893
1 0.0222059 0.54402
1 0.0228167 0.54415
1 0.0234428 0.544284
1 0.0240845 0.54442
1 0.0247423 0.544559
1 0.0254166 0.544702
1 0.0261077 0.544849
1 0.026816 0.544999
1 0.0275421 0.545153
1 0.0282863 0.545311
1 0.0290492 0.545472
1 0.0298311 0.545637
1 0.0306325 0.545806
1 0.031454 0.545979
1 0.0322961 0.546156
1 0.0331592 0.546338
1 0.0340438 0.546524
1 0.0349506 0.546715
1 0.03588 0.546909
1 0.0368327 0.547107
1 0.0378092 0.547311
1 0.0388101 0.547519
1 0.0398361 0.547733
1 0.0408876 0.547952
1 0.0419655 0.548174
1 0.0430703 0.5484
1 0.0442028 0.548633
1 0.0453635 0.548871
1 0.0465533 0.549115
1 0.0477728 0.549363
1 0.0490228 0.549617
1 0.050304 0.549877
1 0.0516173 0.550144
1 0.0529634 0.550417
1 0.0543432 0.550694
1 0.0557575 0.550978
1 0.0572071 0.551269
1 0.0586929 0.551567
1 0.0602159 0.551871
1 0.061777 0.552181
1 0.0633771 0.552499
1 0.0650172 0.552825
1 0.0666984 0.553158
1 0.0684215 0.553498
1 0.0701877 0.553847
1 0.0719981 0.554204
1 0.0738537 0.554568
1 0.0757557 0.554941
1 0.0777053 0.555323
1 0.0797036 0.555714
1 0.0817519 0.556112
1 0.0838514 0.55652
1 0.0860033 0.556939
1 0.0882091 0.557364
1 0.09047 0.557799
1 0.0927874 0.558246
1 0.0951628 0.5587
1 0.0975976 0.559165
1 0.100093 0.559641
1 0.102651 0.560125
1 0.105273 0.56062
1 0.107961 0.561127
1 0.110715 0.561641
1 0.113539 0.562168
1 0.116433 0.562706
1 0.1194 0.563254
1 0.12244 0.563816
1 0.125557 0.564387
1 0.128752 0.564972
1 0.132026 0.56557
1 0.135382 0.566181
1 0.138823 0.566806
1 0.142349 0.567442
1 0.145963 0.568094
1 0.149668 0.568759
1 0.153465 0.569438
1 0.157358 0.570131
1 0.161347 0.570836
1 0.165437 0.571557
1 0.169628 0.572288
1 0.173925 0.573036
1 0.178328 0.573796
1 0.182842 0.574575
1 0.187469 0.575366
1 0.192211 0.576176
1 0.197072 0.577
1 0.202055 0.577843
1 0.207162 0.578701
1 0.212397 0.579579
1 0.217762 0.580473
1 0.223262 0.581385
1 0.228899 0.582312
1 0.234677 0.583255
1 0.2406 0.584216
1 0.246671 0.585191
1 0.252893 0.586187
1 0.259271 0.587199
1 0.265809 0.588232
1 0.27251 0.589287
1 0.279378 0.59036
1 0.286418 0.591456
1 0.293634 0.59257
1 0.301031 0.593704
1 0.308612 0.594862
1 0.316383 0.596034
1 0.324349 0.597228
1 0.332513 0.598444
1 0.340881 0.599678
1 0.349459 0.600937
1 0.358251 0.60222
1 0.367263 0.603523
1 0.376501 0.60485
1 0.385969 0.606203
1 0.395674 0.607573
1 0.405621 0.608969
1 0.415817 0.610391
1 0.426268 0.611834
1 0.436981 0.613301
1 0.447961 0.614792
1 0.459216 0.616309
1 0.470752 0.617848
1 0.482576 0.619414
1 0.494696 0.621007
1 0.507119 0.622628
1 0.519853 0.624271
1 0.532905 0.62594
1 0.546283 0.627637
1 0.559996 0.629361
1 0.574052 0.631109
1 0.588459 0.632886
1 0.603226 0.634691
1 0.618362 0.636527
1 0.633877 0.638391
1 0.64978 0.640279
1 0.66608 0.642197
1 0.682787 0.644144
1 0.699913 0.646122
1 0.717466 0.648131
1 0.735459 0.650168
1 0.753901 0.652235
1 0.772804 0.654332
1 0.79218 0.65646
1 0.81204 0.658621
1 0.832397 0.660812
1 0.853262 0.663037
1 0.874649 0.66529
1 0.896571 0.667576
1 0.919041 0.669896
1 0.942073 0.67225
1 0.965681 0.674637
1 0.989878 0.677058
1 1.01468 0.679513
1 1.0401 0.682004
1 1.06616 0.684526
1 1.09287 0.687085
1 1.12025 0.68968
1 1.14831 0.692312
1 1.17707 0.69498
1 1.20656 0.697686
1 1.23678 0.700429
1 1.26775 0.703211
1 1.2995 0.706029
1 1.33204 0.708887
1 1.3654 0.711782
1 1.39959 0.714717
1 1.43464 0.717692
1 1.47056 0.720709
1 1.50738 0.723768
1 1.54512 0.726869
1 1.5838 0.730013
1 1.62345 0.733201
1 1.6641 0.736434
1 1.70575 0.739712
1 1.74845 0.743035
1 1.79222 0.746405
1 1.83708 0.749822
1 1.88306 0.753286
1 1.9302 0.756799
1 1.97851 0.760361
1 2.02802 0.763972
1 2.07878 0.767634
1 2.13081 0.77135
1 2.18413 0.775119
1 2.23879 0.778943
1 2.29482 0.782824
1 2.35224 0.78676
1 2.4111 0.790756
1 2.47144 0.794811
1 2.53328 0.798928
1 2.59667 0.803107
1 2.66164 0.807351
1 2.72824 0.81166
1 2.7965 0.816035
1 2.86647 0.820479
1 2.93818 0.824993
1 3.01169 0.829579
1 3.08704 0.83424
1 3.16427 0.838977
1 3.24344 0.843792
1 3.32458 0.848687
1 3.40775 0.853664
1 3.493 0.858726
1 3.58038 0.863876
1 3.66994 0.869115
1 3.76175 0.874447
1 3.85585 0.879873
1 3.9523 0.885398
1 4.05116 0.891022
1 4.1525 0.89675
1 4.25636 0.902585
1 4.36283 0.908529
1 4.47195 0.914585
1 4.58381 0.920758
1 4.69846 0.927051
1 4.81598 0.933467
1 4.93643 0.94001
1 5.0599 0.946685
1 5.18645 0.953494
1 5.31617 0.960443
1 5.44913 0.967535
1 5.58541 0.974774
1 5.7251 0.982166
1 5.86829 0.989715
1 6.01505 0.997425
1 6.16548 1.0053
1 6.31967 1.01335
1 6.47772 1.02158
1 6.63972 1.02998
1 6.80577 1.03858
1 6.97597 1.04737
1 7.15042 1.05635
1 7.32924 1.06554
1 7.51253 1.07494
1 7.7004 1.08456
1 7.89296 1.09439
1 8.09034 1.10446
1 8.29266 1.11476
1 8.50003 1.1253
1 8.71258 1.13609
1 8.93045 1.14713
1 9.15377 1.15844
1 9.38267 1.17001
1 9.61729 1.18186
1 9.85778 1.19399
1 10.1043 1.20641
1 10.3569 1.21913
1 10.6159 1.23216
1 10.8814 1.2455
1 11.1535 1.25916
1 11.4324 1.27315
1 11.7182 1.28748
1 12.0112 1.30216
1 12.3116 1.3172
1 12.6194 1.3326
1 12.935 1.34837
1 13.2584 1.36453
1 13.5899 1.38108
1 13.9297 1.39803
1 14.278 1.4154
1 14.635 1.43319
1 15.0009 1.45142
1 15.376 1.47009
1 15.7605 1.48922
1 16.1545 1.50881
1 16.5585 1.52888
1 16.9725 1.54945
1 17.3969 1.57052
1 17.8318 1.5921
1 18.2777 1.61421
1 18.7347 1.63687
1 19.2031 1.66007
1 19.6832 1.68385
1 20.1754 1.70821
1 20.6798 1.73317
1 21.1969 1.75874
1 21.7268 1.78494
1 22.2701 1.81179
1 22.8269 1.83929
1 23.3976 1.86747
1 23.9826 1.89634
1 24.5822 1.92592
1 25.1968 1.95623
1 25.8268 1.98729
1 26.4725 2.01911
1 27.1344 2.05172
1 27.8128 2.08513
1 28.5082 2.11936
1 29.2209 2.15443
1 29.9515 2.19038
1 30.7004 2.2272
1 31.4679 2.26494
1 32.2547 2.30361
1 33.0611 2.34323
1 33.8877 2.38384
1 34.7349 2.42544
1 35.6034 2.46808
1 36.4935 2.51177
1 37.4059 2.55654
1 38.3411 2.60242
1 39.2997 2.64943
1 40.2822 2.69761
1 41.2894 2.74698
1 42.3216 2.79757
1 43.3797 2.84942
1 44.4643 2.90255
1 45.576 2.957
1 46.7154 3.0128
1 47.8833 3.06998
1 49.0805 3.12858
1 50.3076 3.18864
1 51.5653 3.25018
1 52.8545 3.31326
1 54.1759 3.3779
1 55.5304 3.44414
1 56.9187 3.51204
1 58.3417 3.58161
1 59.8003 3.65292
1 61.2954 3.726
1 62.8278 3.8009
1 64.3986 3.87765
1 66.0086 3.95632
1 67.6588 4.03695
1 69.3504 4.11958
1 71.0842 4.20426
1 72.8613 4.29106
1 74.6829 4.38001
1 76.5501 4.47118
1 78.4639 4.56462
1 80.4255 4.66038
1 82.4362 4.75853
1 84.4972 4.85913
1 86.6097 4.96223
1 88.775 5.0679
1 90.9944 5.1762
1 93.2693 5.2872
1 95.6011 5.40097
1 97.9912 5.51757
1 100.441 5.63708
1 102.952 5.75957
1 105.526 5.88512
1 108.164 6.01379
1 110.868 6.14568
1 113.64 6.28085
1 116.481 6.4194
1 119.393 6.5614
1 122.378 6.70695
1 125.438 6.85612
1 128.574 7.00902
1 131.788 7.16574
1 135.083 7.32636
1 138.46 7.491
1 141.921 7.65974
1 145.47 7.8327
1 149.106 8.00997
1 152.834 8.19167
1 156.655 8.3779
1 160.571 8.56879
1 164.586 8.76444
1 168.7 8.96497
1 172.918 9.17052
1 177.241 9.38119
1 181.672 9.59713
1 186.214 9.81846
1 190.869 10.0453
1 195.641 10.2778
1 200.532 10.5162
1 205.546 10.7605
1 210.684 11.0108
1 215.951 11.2675
1 221.35 11.5305
1 226.884 11.8002
1 232.556 12.0765
1 238.37 12.3598
1 244.329 12.6501
1 250.438 12.9477
1 256.699 13.2528
1 263.116 13.5654
1 269.694 13.8859
1 276.437 14.2144
1 283.348 14.551
1 290.431 14.8961
1 297.692 15.2499
1 305.135 15.6124
1 312.763 15.984
1 320.582 16.3649
1 328.597 16.7554
1 336.812 17.1555
1 345.232 17.5657
1 353.863 17.9862
1 362.71 18.4171
1 371.777 18.8588
1 381.072 19.3116
1 390.599 19.7756
1 400.364 20.2513
1 410.373 20.7389
1 420.632 21.2386
1 431.148 21.7508
1 441.927 22.2759
1 452.975 22.814
1 464.3 23.3656
1 475.907 23.931
1 487.805 24.5106
1 500 25.1046

1.64872 0 0.658054
1.64872 5.56805e-05 0.658061
1.64872 0.000112753 0.658068
1.64872 0.000171252 0.658074
1.64872 0.000231214 0.658082
1.64872 0.000292675 0.658089
1.64872 0.000355672 0.658096
1.64872 0.000420245 0.658104
1.64872 0.000486431 0.658112
1.64872 0.000554273 0.65812
1.64872 0.00062381 0.658128
1.64872 0.000695086 0.658137
1.64872 0.000768143 0.658146
1.64872 0.000843027 0.658154
1.64872 0.000919784 0.658164
1.64872 0.000998459 0.658173
1.64872 0.0010791 0.658183
1.64872 0.00116176 0.658192
1.64872 0.00124648 0.658202
1.64872 0.00133333 0.658213
1.64872 0.00142234 0.658223
1.64872 0.00151358 0.658234
1.64872 0.0016071 0.658245
1.64872 0.00170296 0.658257
1.64872 0.00180121 0.658268
1.64872 0.00190192 0.65828
1.64872 0.00200515 0.658293
1.64872 0.00211096 0.658305
1.64872 0.00221941 0.658318
1.64872 0.00233058 0.658331
1.64872 0.00244452 0.658345
1.64872 0.00256132 0.658359
1.64872 0.00268103 0.658373
1.64872 0.00280374 0.658388
1.64872 0.00292951 0.658403
1.64872 0.00305843 0.658418
1.64872 0.00319057 0.658434
1.64872 0.00332602 0.65845
1.64872 0.00346485 0.658466
1.64872 0.00360715 0.658483
1.64872 0.00375301 0.658501
1.64872 0.00390251 0.658519
1.64872 0.00405576 0.658537
1.64872 0.00421283 0.658555
1.64872 0.00437383 0.658575
1.64872 0.00453886 0.658594
1.64872 0.00470801 0.658614
1.64872 0.00488139 0.658635
1.64872 0.00505911 0.658656
1.64872 0.00524127 0.658678
1.64872 0.00542798 0.6587
1.64872 0.00561936 0.658723
1.64872 0.00581552 0.658746
1.64872 0.00601659 0.65877
1.64872 0.00622269 0.658795
1.64872 0.00643393 0.65882
1.64872 0.00665046 0.658846
1.64872 0.0068724 0.658872
1.64872 0.00709989 0.658899
1.64872 0.00733307 0.658927
1.64872 0.00757208 0.658955
1.64872 0.00781706 0.658984
1.64872 0.00806817 0.659014
1.64872 0.00832555 0.659045
1.64872 0.00858937 0.659076
1.64872 0.00885979 0.659109
1.64872 0.00913696 0.659142
1.64872 0.00942107 0.659175
1.64872 0.00971227 0.65921
1.64872 0.0100108 0.659246
1.64872 0.0103167 0.659282
1.64872 0.0106303 0.659319
1.64872 0.0109517 0.659357
1.64872 0.0112812 0.659397
1.64872 0.0116189 0.659437
1.64872 0.0119651 0.659478
1.64872 0.0123199 0.65952
1.64872 0.0126836 0.659564
1.64872 0.0130563 0.659608
1.64872 0.0134384 0.659653
1.64872 0.0138301 0.659699
1.64872 0.0142315 0.659747
1.64872 0.014643 0.659795
1.64872 0.0150647 0.659845
1.64872 0.015497 0.659896
1.64872 0.0159401 0.659948
1.64872 0.0163943 0.660002
1.64872 0.0168599 0.660057
1.64872 0.017337 0.660113
1.64872 0.0178261 0.660171
1.64872 0.0183275 0.66023
1.64872 0.0188413 0.660291
1.64872 0.0193681 0.660353
1.64872 0.0199079 0.660417
1.64872 0.0204613 0.660482
1.64872 0.0210285 0.660549
1.64872 0.0216099 0.660617
1.64872 0.0222059 0.660688
1.64872 0.0228167 0.66076
1.64872 0.0234428 0.660834
1.64872 0.0240845 0.660909
1.64872 0.0247423 0.660987
1.64872 0.0254166 0.661067
1.64872 0.0261077 0.661148
1.64872 0.026816 0.661232
1.64872 0.0275421 0.661317
1.64872 0.0282863 0.661404
1.64872 0.0290492 0.661493
1.64872 0.0298311 0.661584
1.64872 0.0306325 0.661678
1.64872 0.031454 0.661774
1.64872 0.0322961 0.661872
1.64872 0.0331592 0.661973
1.64872 0.0340438 0.662076
1.64872 0.0349506 0.662182
1.64872 0.03588 0.662291
1.64872 0.0368327 0.662402
1.64872 0.0378092 0.662516
1.64872 0.0388101 0.662633
1.64872 0.0398361 0.662753
1.64872 0.0408876 0.662876
1.64872 0.0419655 0.663001
1.64872 0.0430703 0.663129
1.64872 0.0442028 0.66326
1.64872 0.0453635 0.663395
1.64872 0.0465533 0.663533
1.64872 0.0477728 0.663674
1.64872 0.0490228 0.663819
1.64872 0.050304 0.663967
1.64872 0.0516173 0.664119
1.64872 0.0529634 0.664275
1.64872 0.0543432 0.664435
1.64872 0.0557575 0.664599
1.64872 0.0572071 0.664765
1.64872 0.0586929 0.664935
1.64872 0.0602159 0.66511
1.64872 0.061777 0.665288
1.64872 0.0633771 0.665472
1.64872 0.0650172 0.66566
1.64872 0.0666984 0.665852
1.64872 0.0684215 0.666049
1.64872 0.0701877 0.666252
1.64872 0.0719981 0.666458
1.64872 0.0738537 0.666669
1.64872 0.0757557 0.666885
1.64872 0.0777053 0.667106
1.64872 0.0797036 0.667333
1.64872 0.0817519 0.667566
1.64872 0.0838514 0.667804
1.64872 0.0860033 0.668049
1.64872 0.0882091 0.668297
1.64872 0.09047 0.668552
1.64872 0.0927874 0.668812
1.64872 0.0951628 0.669079
1.64872 0.0975976 0.669353
1.64872 0.100093 0.669634
1.64872 0.102651 0.669921
1.64872 0.105273 0.670213
1.64872 0.107961 0.670513
1.64872 0.110715 0.67082
1.64872 0.113539 0.671135
1.64872 0.116433 0.671458
1.64872 0.1194 0.671787
1.64872 0.12244 0.672123
1.64872 0.125557 0.672467
1.64872 0.128752 0.67282
1.64872 0.132026 0.673182
1.64872 0.135382 0.673552
1.64872 0.138823 0.673927
1.64872 0.142349 0.674313
1.64872 0.145963 0.674708
1.64872 0.149668 0.675112
1.64872 0.153465 0.675525
1.64872 0.157358 0.675946
1.64872 0.161347 0.676378
1.64872 0.165437 0.67682
1.64872 0.169628 0.677273
1.64872 0.173925 0.677733
1.64872 0.178328 0.678204
1.64872 0.182842 0.678688
1.64872 0.187469 0.679182
1.64872 0.192211 0.679686
1.64872 0.197072 0.680202
1.64872 0.202055 0.680731
1.64872 0.207162 0.68127
1.64872 0.212397 0.68182
1.64872 0.217762 0.682384
1.64872 0.223262 0.682962
1.64872 0.228899 0.683549
1.64872 0.234677 0.68415
1.64872 0.2406 0.684767
1.64872 0.246671 0.685394
1.64872 0.252893 0.686035
1.64872 0.259271 0.686691
1.64872 0.265809 0.68736
1.64872 0.27251 0.688044
1.64872 0.279378 0.688744
1.64872 0.286418 0.689457
1.64872 0.293634 0.690186
1.64872 0.301031 0.690933
1.64872 0.308612 0.691691
1.64872 0.316383 0.692468
1.64872 0.324349 0.693263
1.64872 0.332513 0.694072
1.64872 0.340881 0.6949
1.64872 0.349459 0.695744
1.64872 0.358251 0.696606
1.64872 0.367263 0.697488
1.64872 0.376501 0.698384
1.64872 0.385969 0.699302
1.64872 0.395674 0.700237
1.64872 0.405621 0.701192
1.64872 0.415817 0.702167
1.64872 0.426268 0.703159
1.64872 0.436981 0.704175
1.64872 0.447961 0.705209
1.64872 0.459216 0.706268
1.64872 0.470752 0.707342
1.64872 0.482576 0.708444
1.64872 0.494696 0.709562
1.64872 0.507119 0.710708
1.64872 0.519853 0.711872
1.64872 0.532905 0.713063
1.64872 0.546283 0.714274
1.64872 0.559996 0.715513
1.64872 0.574052 0.716771
1.64872 0.588459 0.718058
1.64872 0.603226 0.719365
1.64872 0.618362 0.720703
1.64872 0.633877 0.722063
1.64872 0.64978 0.723452
1.64872 0.66608 0.724866
1.64872 0.682787 0.726307
1.64872 0.699913 0.727778
1.64872 0.717466 0.729273
1.64872 0.735459 0.730801
1.64872 0.753901 0.732353
1.64872 0.772804 0.733937
1.64872 0.79218 0.735551
1.64872 0.81204 0.737193
1.64872 0.832397 0.738869
1.64872 0.853262 0.740573
1.64872 0.874649 0.742309
1.64872 0.896571 0.744079
1.64872 0.919041 0.745877
1.64872 0.942073 0.747711
1.64872 0.965681 0.74958
1.64872 0.989878 0.75148
1.64872 1.01468 0.753417
1.64872 1.0401 0.755389
1.64872 1.06616 0.757394
1.64872 1.09287 0.759439
1.64872 1.12025 0.761522
1.64872 1.14831 0.763637
1.64872 1.17707 0.765793
1.64872 1.20656 0.767991
1.64872 1.23678 0.770223
1.64872 1.26775 0.772497
1.64872 1.2995 0.774814
1.64872 1.33204 0.777173
1.64872 1.3654 0.779569
1.64872 1.39959 0.78201
1.64872 1.43464 0.784497
1.64872 1.47056 0.787026
1.64872 1.50738 0.789598
1.64872 1.54512 0.792217
1.64872 1.5838 0.794885
1.64872 1.62345 0.797599
1.64872 1.6641 0.800358
1.64872 1.70575 0.803167
1.64872 1.74845 0.806029
1.64872 1.79222 0.808944
1.64872 1.83708 0.811907
1.64872 1.88306 0.814923
1.64872 1.9302 0.817994
1.64872 1.97851 0.82112
1.64872 2.02802 0.824305
1.64872 2.07878 0.827543
1.64872 2.13081 0.83084
1.64872 2.18413 0.834199
1.64872 2.23879 0.837619
1.64872 2.29482 0.841103
1.64872 2.35224 0.84465
1.64872 2.4111 0.848258
1.64872 2.47144 0.851933
1.64872 2.53328 0.855677
1.64872 2.59667 0.859491
1.64872 2.66164 0.863378
1.64872 2.72824 0.867338
1.64872 2.7965 0.871371
1.64872 2.86647 0.875478
1.64872 2.93818 0.879664
1.64872 3.01169 0.88393
1.64872 3.08704 0.88828
1.64872 3.16427 0.892714
1.64872 3.24344 0.897234
1.64872 3.32458 0.901843
1.64872 3.40775 0.90654
1.64872 3.493 0.91133
1.64872 3.58038 0.916216
1.64872 3.66994 0.9212
1.64872 3.76175 0.926284
1.64872 3.85585 0.931472
1.64872 3.9523 0.936765
1.64872 4.05116 0.942168
1.64872 4.1525 0.947681
1.64872 4.25636 0.953308
1.64872 4.36283 0.959052
1.64872 4.47195 0.964917
1.64872 4.58381 0.970907
1.64872 4.69846 0.977025
1.64872 4.81598 0.983274
1.64872 4.93643 0.989658
1.64872 5.0599 0.996181
1.64872 5.18645 1.00285
1.64872 5.31617 1.00966
1.64872 5.44913 1.01662
1.64872 5.58541 1.02374
1.64872 5.7251 1.03101
1.64872 5.86829 1.03845
1.64872 6.01505 1.04606
1.64872 6.16548 1.05384
1.64872 6.31967 1.06179
1.64872 6.47772 1.06993
1.64872 6.63972 1.07826
1.64872 6.80577 1.08678
1.64872 6.97597 1.0955
1.64872 7.15042 1.10442
1.64872 7.32924 1.11355
1.64872 7.51253 1.12289
1.64872 7.7004 1.13245
1.64872 7.89296 1.14224
1.64872 8.09034 1.15226
1.64872 8.29266 1.16252
1.64872 8.50003 1.17303
1.64872 8.71258 1.18378
1.64872 8.93045 1.19479
1.64872 9.15377 1.20606
1.64872 9.38267 1.21761
1.64872 9.61729 1.22943
1.64872 9.85778 1.24154
1.64872 10.1043 1.25394
1.64872 10.3569 1.26664
1.64872 10.6159 1.27965
1.64872 10.8814 1.29297
1.64872 11.1535 1.30662
1.64872 11.4324 1.3206
1.64872 11.7182 1.33492
1.64872 12.0112 1.34958
1.64872 12.3116 1.36461
1.64872 12.6194 1.38
1.64872 12.935 1.39576
1.64872 13.2584 1.41191
1.64872 13.5899 1.42846
1.64872 13.9297 1.4454
1.64872 14.278 1.46276
1.64872 14.635 1.48055
1.64872 15.0009 1.49877
1.64872 15.376 1.51743
1.64872 15.7605 1.53656
1.64872 16.1545 1.55615
1.64872 16.5585 1.57622
1.64872 16.9725 1.59678
1.64872 17.3969 1.61784
1.64872 17.8318 1.63942
1.64872 18.2777 1.66153
1.64872 18.7347 1.68418
1.64872 19.2031 1.70739
1.64872 19.6832 1.73116
1.64872 20.1754 1.75552
1.64872 20.6798 1.78048
1.64872 21.1969 1.80605
1.64872 21.7268 1.83225
1.64872 22.2701 1.85909
1.64872 22.8269 1.8866
1.64872 23.3976 1.91478
1.64872 23.9826 1.94365
1.64872 24.5822 1.97323
1.64872 25.1968 2.00354
1.64872 25.8268 2.0346
1.64872 26.4725 2.06643
1.64872 27.1344 2.09903
1.64872 27.8128 2.13244
1.64872 28.5082 2.16668
1.64872 29.2209 2.20176
1.64872 29.9515 2.2377
1.64872 30.7004 2.27453
1.64872 31.4679 2.31227
1.64872 32.2547 2.35095
1.64872 33.0611 2.39057
1.64872 33.8877 2.43118
1.64872 34.7349 2.47279
1.64872 35.6034 2.51543
1.64872 36.4935 2.55913
1.64872 37.4059 2.6039
1.64872 38.3411 2.64978
1.64872 39.2997 2.6968
1.64872 40.2822 2.74499
1.64872 41.2894 2.79436
1.64872 42.3216 2.84496
1.64872 43.3797 2.89681
1.64872 44.4643 2.94995
1.64872 45.576 3.0044
1.64872 46.7154 3.06021
1.64872 47.8833 3.1174
1.64872 49.0805 3.17601
1.64872 50.3076 3.23607
1.64872 51.5653 3.29762
1.64872 52.8545 3.3607
1.64872 54.1759 3.42535
1.64872 55.5304 3.4916
1.64872 56.9187 3.5595
1.64872 58.3417 3.62908
1.64872 59.8003 3.70039
1.64872 61.2954 3.77348
1.64872 62.8278 3.84838
1.64872 64.3986 3.92515
1.64872 66.0086 4.00382
1.64872 67.6588 4.08445
1.64872 69.3504 4.16709
1.64872 71.0842 4.25178
1.64872 72.8613 4.33858
1.64872 74.6829 4.42754
1.64872 76.5501 4.51872
1.64872 78.4639 4.61216
1.64872 80.4255 4.70794
1.64872 82.4362 4.80609
1.64872 84.4972 4.90669
1.64872 86.6097 5.0098
1.64872 88.775 5.11548
1.64872 90.9944 5.22379
1.64872 93.2693 5.33479
1.64872 95.6011 5.44857
1.64872 97.9912 5.56518
1.64872 100.441 5.6847
1.64872 102.952 5.80719
1.64872 105.526 5.93275
1.64872 108.164 6.06143
1.64872 110.868 6.19332
1.64872 113.64 6.3285
1.64872 116.481 6.46705
1.64872 119.393 6.60906
1.64872 122.378 6.75461
1.64872 125.438 6.90379
1.64872 128.574 7.0567
1.64872 131.788 7.21342
1.64872 135.083 7.37405
1.64872 138.46 7.53869
1.64872 141.921 7.70744
1.64872 145.47 7.8804
1.64872 149.106 8.05768
1.64872 152.834 8.23938
1.64872 156.655 8.42562
1.64872 160.571 8.61651
1.64872 164.586 8.81217
1.64872 168.7 9.01271
1.64872 172.918 9.21826
1.64872 177.241 9.42894
1.64872 181.672 9.64488
1.64872 186.214 9.86622
1.64872 190.869 10.0931
1.64872 195.641 10.3256
1.64872 200.532 10.5639
1.64872 205.546 10.8082
1.64872 210.684 11.0586
1.64872 215.951 11.3153
1.64872 221.35 11.5783
1.64872 226.884 11.848
1.64872 232.556 12.1243
1.64872 238.37 12.4076
1.64872 244.329 12.6979
1.64872 250.438 12.9955
1.64872 256.699 13.3006
1.64872 263.116 13.6132
1.64872 269.694 13.9337
1.64872 276.437 14.2622
1.64872 283.348 14.5989
1.64872 290.431 14.944
1.64872 297.692 15.2977
1.64872 305.135 15.6603
1.64872 312.763 16.0319
1.64872 320.582 16.4128
1.64872 328.597 16.8032
1.64872 336.812 17.2034
1.64872 345.232 17.6136
1.64872 353.863 18.034
1.64872 362.71 18.465
1.64872 371.777 18.9067
1.64872 381.072 19.3594
1.64872 390.599 19.8235
1.64872 400.364 20.2992
1.64872 410.373 20.7867
1.64872 420.632 21.2865
1.64872 431.148 21.7987
1.64872 441.927 22.3237
1.64872 452.975 22.8619
1.64872 464.3 23.4135
1.64872 475.907 23.9789
1.64872 487.805 24.5585
1.64872 500 25.1525

2.71828 0 0.770602
2.71828 5.56805e-05 0.770606
2.71828 0.000112753 0.770611
2.71828 0.000171252 0.770615
2.71828 0.000231214 0.77062
2.71828 0.000292675 0.770624
2.71828 0.000355672 0.770629
2.71828 0.000420245 0.770634
2.71828 0.000486431 0.770639
2.71828 0.000554273 0.770645
2.71828 0.00062381 0.77065
2.71828 0.000695086 0.770655
2.71828 0.000768143 0.770661
2.71828 0.000843027 0.770667
2.71828 0.000919784 0.770673
2.71828 0.000998459 0.770679
2.71828 0.0010791 0.770685
2.71828 0.00116176 0.770691
2.71828 0.00124648 0.770698
2.71828 0.00133333 0.770705
2.71828 0.00142234 0.770712
2.71828 0.00151358 0.770719
2.71828 0.0016071 0.770726
2.71828 0.00170296 0.770733
2.71828 0.00180121 0.770741
2.71828 0.00190192 0.770749
2.71828 0.00200515 0.770756
2.71828 0.00211096 0.770765
2.71828 0.00221941 0.770773
2.71828 0.00233058 0.770782
2.71828 0.00244452 0.77079
2.71828 0.00256132 0.770799
2.71828 0.00268103 0.770809
2.71828 0.00280374 0.770818
2.71828 0.00292951 0.770828
2.71828 0.00305843 0.770838
2.71828 0.00319057 0.770848
2.71828 0.00332602 0.770858
2.71828 0.00346485 0.770869
2.71828 0.00360715 0.77088
2.71828 0.00375301 0.770891
2.71828 0.00390251 0.770903
2.71828 0.00405576 0.770915
2.71828 0.00421283 0.770927
2.71828 0.00437383 0.770939
2.71828 0.00453886 0.770952
2.71828 0.00470801 0.770965
2.71828 0.00488139 0.770978
2.71828 0.00505911 0.770992
2.71828 0.00524127 0.771006
2.71828 0.00542798 0.77102
2.71828 0.00561936 0.771035
2.71828 0.00581552 0.77105
2.71828 0.00601659 0.771066
2.71828 0.00622269 0.771082
2.71828 0.00643393 0.771098
2.71828 0.00665046 0.771115
2.71828 0.0068724 0.771132
2.71828 0.00709989 0.771149
2.71828 0.00733307 0.771167
2.71828 0.00757208 0.771186
2.71828 0.00781706 0.771205
2.71828 0.00806817 0.771224
2.71828 0.00832555 0.771244
2.71828 0.00858937 0.771264
2.71828 0.00885979 0.771285
2.71828 0.00913696 0.771306
2.71828 0.00942107 0.771328
2.71828 0.00971227 0.771351
2.71828 0.0100108 0.771374
2.71828 0.0103167 0.771397
2.71828 0.0106303 0.771421
2.71828 0.0109517 0.771446
2.71828 0.0112812 0.771472
2.71828 0.0116189 0.771498
2.71828 0.0119651 0.771524
2.71828 0.0123199 0.771552
2.71828 0.0126836 0.77158
2.71828 0.0130563 0.771608
2.71828 0.0134384 0.771638
2.71828 0.0138301 0.771668
2.71828 0.0142315 0.771699
2.71828 0.014643 0.771731
2.71828 0.0150647 0.771763
2.71828 0.015497 0.771797
2.71828 0.0159401 0.771831
2.71828 0.0163943 0.771866
2.71828 0.0168599 0.771902
2.71828 0.017337 0.771938
2.71828 0.0178261 0.771976
2.71828 0.0183275 0.772015
2.71828 0.0188413 0.772054
2.71828 0.0193681 0.772095
2.71828 0.0199079 0.772137
2.71828 0.0204613 0.772179
2.71828 0.0210285 0.772223
2.71828 0.0216099 0.772268
2.71828 0.0222059 0.772314
2.71828 0.0228167 0.772361
2.71828 0.0234428 0.772409
2.71828 0.0240845 0.772459
2.71828 0.0247423 0.772509
2.71828 0.0254166 0.772561
2.71828 0.0261077 0.772615
2.71828 0.026816 0.772669
2.71828 0.0275421 0.772725
2.71828 0.0282863 0.772782
2.71828 0.0290492 0.77284
2.71828 0.0298311 0.7729
2.71828 0.0306325 0.772961
2.71828 0.031454 0.773024
2.71828 0.0322961 0.773088
2.71828 0.0331592 0.773154
2.71828 0.0340438 0.773222
2.71828 0.0349506 0.773292
2.71828 0.03588 0.773363
2.71828 0.0368327 0.773436
2.71828 0.0378092 0.77351
2.71828 0.0388101 0.773587
2.71828 0.0398361 0.773665
2.71828 0.0408876 0.773746
2.71828 0.0419655 0.773828
2.71828 0.0430703 0.773913
2.71828 0.0442028 0.773999
2.71828 0.0453635 0.774088
2.71828 0.0465533 0.774179
2.71828 0.0477728 0.774273
2.71828 0.0490228 0.774368
2.71828 0.050304 0.774466
2.71828 0.0516173 0.774567
2.71828 0.0529634 0.77467
2.71828 0.0543432 0.774775
2.71828 0.0557575 0.774883
2.71828 0.0572071 0.774994
2.71828 0.0586929 0.775107
2.71828 0.0602159 0.775222
2.71828 0.061777 0.775341
2.71828 0.0633771 0.775462
2.71828 0.0650172 0.775587
2.71828 0.0666984 0.775714
2.71828 0.0684215 0.775845
2.71828 0.0701877 0.775979
2.71828 0.0719981 0.776116
2.71828 0.0738537 0.776257
2.71828 0.0757557 0.776401
2.71828 0.0777053 0.776549
2.71828 0.0797036 0.7767
2.71828 0.0817519 0.776856
2.71828 0.0838514 0.777015
2.71828 0.0860033 0.777178
2.71828 0.0882091 0.777345
2.71828 0.09047 0.777515
2.71828 0.0927874 0.77769
2.71828 0.0951628 0.777868
2.71828 0.0975976 0.778052
2.71828 0.100093 0.778239
2.71828 0.102651 0.778432
2.71828 0.105273 0.778629
2.71828 0.107961 0.778831
2.71828 0.110715 0.779039
2.71828 0.113539 0.779251
2.71828 0.116433 0.779469
2.71828 0.1194 0.779692
2.71828 0.12244 0.779919
2.71828 0.125557 0.780152
2.71828 0.128752 0.78039
2.71828 0.132026 0.780635
2.71828 0.135382 0.780885
2.71828 0.138823 0.781142
2.71828 0.142349 0.781406
2.71828 0.145963 0.781675
2.71828 0.149668 0.781952
2.71828 0.153465 0.782235
2.71828 0.157358 0.782523
2.71828 0.161347 0.782819
2.71828 0.165437 0.783122
2.71828 0.169628 0.783432
2.71828 0.173925 0.783751
2.71828 0.178328 0.784077
2.71828 0.182842 0.784411
2.71828 0.187469 0.784753
2.71828 0.192211 0.785101
2.71828 0.197072 0.785457
2.71828 0.202055 0.785823
2.71828 0.207162 0.786198
2.71828 0.212397 0.786582
2.71828 0.217762 0.786976
2.71828 0.223262 0.787378
2.71828 0.228899 0.787788
2.71828 0.234677 0.788209
2.71828 0.2406 0.788641
2.71828 0.246671 0.789083
2.71828 0.252893 0.789537
2.71828 0.259271 0.789998
2.71828 0.265809 0.790471
2.71828 0.27251 0.790955
2.71828 0.279378 0.791452
2.71828 0.286418 0.791961
2.71828 0.293634 0.79248
2.71828 0.301031 0.793011
2.71828 0.308612 0.793554
2.71828 0.316383 0.794112
2.71828 0.324349 0.794683
2.71828 0.332513 0.795265
2.71828 0.340881 0.79586
2.71828 0.349459 0.79647
2.71828 0.358251 0.797095
2.71828 0.367263 0.797734
2.71828 0.376501 0.798386
2.71828 0.385969 0.799055
2.71828 0.395674 0.79974
2.71828 0.405621 0.80044
2.71828 0.415817 0.801154
2.71828 0.426268 0.801886
2.71828 0.436981 0.802637
2.71828 0.447961 0.803402
2.71828 0.459216 0.804184
2.71828 0.470752 0.804986
2.71828 0.482576 0.805807
2.71828 0.494696 0.806643
2.71828 0.507119 0.807499
2.71828 0.519853 0.808376
2.71828 0.532905 0.809271
2.71828 0.546283 0.810186
2.71828 0.559996 0.811123
2.71828 0.574052 0.812081
2.71828 0.588459 0.813059
2.71828 0.603226 0.814061
2.71828 0.618362 0.815085
2.71828 0.633877 0.81613
2.71828 0.64978 0.817202
2.71828 0.66608 0.818293
2.71828 0.682787 0.81941
2.71828 0.699913 0.820554
2.71828 0.717466 0.821719
2.71828 0.735459 0.822912
2.71828 0.753901 0.824132
2.71828 0.772804 0.825376
2.71828 0.79218 0.826651
2.71828 0.81204 0.82795
2.71828 0.832397 0.82928
2.71828 0.853262 0.830639
2.71828 0.874649 0.832026
2.71828 0.896571 0.833447
2.71828 0.919041 0.834893
2.71828 0.942073 0.836375
2.71828 0.965681 0.837885
2.71828 0.989878 0.839431
2.71828 1.01468 0.841009
2.71828 1.0401 0.842622
2.71828 1.06616 0.844269
2.71828 1.09287 0.845952
2.71828 1.12025 0.847671
2.71828 1.14831 0.849427
2.71828 1.17707 0.851221
2.71828 1.20656 0.853053
2.71828 1.23678 0.854924
2.71828 1.26775 0.856834
2.71828 1.2995 0.858785
2.71828 1.33204 0.860779
2.71828 1.3654 0.862813
2.71828 1.39959 0.864895
2.71828 1.43464 0.867016
2.71828 1.47056 0.869187
2.71828 1.50738 0.8714
2.71828 1.54512 0.873663
2.71828 1.5838 0.875974
2.71828 1.62345 0.878332
2.71828 1.6641 0.880743
2.71828 1.70575 0.883201
2.71828 1.74845 0.885715
2.71828 1.79222 0.88828
2.71828 1.83708 0.890899
2.71828 1.88306 0.893578
2.71828 1.9302 0.896308
2.71828 1.97851 0.8991
2.71828 2.02802 0.901952
2.71828 2.07878 0.904862
2.71828 2.13081 0.907838
2.71828 2.18413 0.910875
2.71828 2.23879 0.913975
2.71828 2.29482 0.917145
2.71828 2.35224 0.92038
2.71828 2.4111 0.923685
2.71828 2.47144 0.927063
2.71828 2.53328 0.930513
2.71828 2.59667 0.934035
2.71828 2.66164 0.937636
2.71828 2.72824 0.941315
2.71828 2.7965 0.945071
2.71828 2.86647 0.948911
2.71828 2.93818 0.952836
2.71828 3.01169 0.956844
2.71828 3.08704 0.960939
2.71828 3.16427 0.965125
2.71828 3.24344 0.969405
2.71828 3.32458 0.973775
2.71828 3.40775 0.978243
2.71828 3.493 0.982811
2.71828 3.58038 0.987482
2.71828 3.66994 0.992253
2.71828 3.76175 0.997132
2.71828 3.85585 1.00212
2.71828 3.9523 1.00722
2.71828 4.05116 1.01244
2.71828 4.1525 1.01777
2.71828 4.25636 1.02323
2.71828 4.36283 1.02881
2.71828 4.47195 1.03452
2.71828 4.58381 1.04035
2.71828 4.69846 1.04632
2.71828 4.81598 1.05243
2.71828 4.93643 1.05868
2.71828 5.0599 1.06507
2.71828 5.18645 1.07161
2.71828 5.31617 1.07831
2.71828 5.44913 1.08516
2.71828 5.58541 1.09217
2.71828 5.7251 1.09934
2.71828 5.86829 1.10669
2.71828 6.01505 1.11421
2.71828 6.16548 1.1219
2.71828 6.31967 1.12978
2.71828 6.47772 1.13784
2.71828 6.63972 1.14609
2.71828 6.80577 1.15455
2.71828 6.97597 1.1632
2.71828 7.15042 1.17206
2.71828 7.32924 1.18113
2.71828 7.51253 1.19042
2.71828 7.7004 1.19993
2.71828 7.89296 1.20968
2.71828 8.09034 1.21965
2.71828 8.29266 1.22987
2.71828 8.50003 1.24034
2.71828 8.71258 1.25105
2.71828 8.93045 1.26203
2.71828 9.15377 1.27327
2.71828 9.38267 1.28479
2.71828 9.61729 1.29659
2.71828 9.85778 1.30867
2.71828 10.1043 1.32105
2.71828 10.3569 1.33373
2.71828 10.6159 1.34671
2.71828 10.8814 1.36002
2.71828 11.1535 1.37365
2.71828 11.4324 1.38761
2.71828 11.7182 1.40191
2.71828 12.0112 1.41656
2.71828 12.3116 1.43157
2.71828 12.6194 1.44694
2.71828 12.935 1.46269
2.71828 13.2584 1.47883
2.71828 13.5899 1.49536
2.71828 13.9297 1.51229
2.71828 14.278 1.52964
2.71828 14.635 1.54742
2.71828 15.0009 1.56563
2.71828 15.376 1.58428
2.71828 15.7605 1.60339
2.71828 16.1545 1.62297
2.71828 16.5585 1.64304
2.71828 16.9725 1.66359
2.71828 17.3969 1.68464
2.71828 17.8318 1.70622
2.71828 18.2777 1.72832
2.71828 18.7347 1.75096
2.71828 19.2031 1.77417
2.71828 19.6832 1.79794
2.71828 20.1754 1.82229
2.71828 20.6798 1.84725
2.71828 21.1969 1.87281
2.71828 21.7268 1.89901
2.71828 22.2701 1.92585
2.71828 22.8269 1.95335
2.71828 23.3976 1.98153
2.71828 23.9826 2.0104
2.71828 24.5822 2.03998
2.71828 25.1968 2.07029
2.71828 25.8268 2.10134
2.71828 26.4725 2.13317
2.71828 27.1344 2.16577
2.71828 27.8128 2.19918
2.71828 28.5082 2.23342
2.71828 29.2209 2.2685
2.71828 29.9515 2.30444
2.71828 30.7004 2.34128
2.71828 31.4679 2.37902
2.71828 32.2547 2.41769
2.71828 33.0611 2.45732
2.71828 33.8877 2.49793
2.71828 34.7349 2.53955
2.71828 35.6034 2.58219
2.71828 36.4935 2.62589
2.71828 37.4059 2.67067
2.71828 38.3411 2.71655
2.71828 39.2997 2.76358
2.71828 40.2822 2.81176
2.71828 41.2894 2.86114
2.71828 42.3216 2.91175
2.71828 43.3797 2.9636
2.71828 44.4643 3.01675
2.71828 45.576 3.07121
2.71828 46.7154 3.12702
2.71828 47.8833 3.18421
2.71828 49.0805 3.24283
2.71828 50.3076 3.30289
2.71828 51.5653 3.36445
2.71828 52.8545 3.42754
2.71828 54.1759 3.49219
2.71828 55.5304 3.55845
2.71828 56.9187 3.62635
2.71828 58.3417 3.69594
2.71828 59.8003 3.76726
2.71828 61.2954 3.84036
2.71828 62.8278 3.91527
2.71828 64.3986 3.99204
2.71828 66.0086 4.07072
2.71828 67.6588 4.15136
2.71828 69.3504 4.234
2.71828 71.0842 4.3187
2.71828 72.8613 4.40551
2.71828 74.6829 4.49448
2.71828 76.5501 4.58566
2.71828 78.4639 4.67911
2.71828 80.4255 4.77489
2.71828 82.4362 4.87306
2.71828 84.4972 4.97366
2.71828 86.6097 5.07678
2.71828 88.775 5.18246
2.71828 90.9944 5.29078
2.71828 93.2693 5.40179
2.71828 95.6011 5.51558
2.71828 97.9912 5.6322
2.71828 100.441 5.75172
2.71828 102.952 5.87422
2.71828 105.526 5.99978
2.71828 108.164 6.12847
2.71828 110.868 6.26037
2.71828 113.64 6.39556
2.71828 116.481 6.53412
2.71828 119.393 6.67613
2.71828 122.378 6.82169
2.71828 125.438 6.97088
2.71828 128.574 7.12379
2.71828 131.788 7.28052
2.71828 135.083 7.44116
2.71828 138.46 7.60581
2.71828 141.921 7.77456
2.71828 145.47 7.94753
2.71828 149.106 8.12481
2.71828 152.834 8.30652
2.71828 156.655 8.49277
2.71828 160.571 8.68367
2.71828 164.586 8.87933
2.71828 168.7 9.07988
2.71828 172.918 9.28543
2.71828 177.241 9.49612
2.71828 181.672 9.71207
2.71828 186.214 9.93341
2.71828 190.869 10.1603
2.71828 195.641 10.3928
2.71828 200.532 10.6312
2.71828 205.546 10.8754
2.71828 210.684 11.1258
2.71828 215.951 11.3825
2.71828 221.35 11.6456
2.71828 226.884 11.9152
2.71828 232.556 12.1916
2.71828 238.37 12.4748
2.71828 244.329 12.7652
2.71828 250.438 13.0628
2.71828 256.699 13.3678
2.71828 263.116 13.6805
2.71828 269.694 14.001
2.71828 276.437 14.3295
2.71828 283.348 14.6662
2.71828 290.431 15.0113
2.71828 297.692 15.365
2.71828 305.135 15.7275
2.71828 312.763 16.0992
2.71828 320.582 16.4801
2.71828 328.597 16.8705
2.71828 336.812 17.2707
2.71828 345.232 17.6809
2.71828 353.863 18.1013
2.71828 362.71 18.5323
2.71828 371.777 18.974
2.71828 381.072 19.4268
2.71828 390.599 19.8908
2.71828 400.364 20.3665
2.71828 410.373 20.8541
2.71828 420.632 21.3538
2.71828 431.148 21.8661
2.71828 441.927 22.3911
2.71828 452.975 22.9293
2.71828 464.3 23.4809
2.71828 475.907 24.0463
2.71828 487.805 24.6258
2.71828 500 25.2198

4.48169 0 0.892661
4.48169 5.56805e-05 0.892664
4.48169 0.000112753 0.892668
4.48169 0.000171252 0.892671
4.48169 0.000231214 0.892675
4.48169 0.000292675 0.892679
4.48169 0.000355672 0.892682
4.48169 0.000420245 0.892686
4.48169 0.000486431 0.89269
4.48169 0.000554273 0.892694
4.48169 0.00062381 0.892698
4.48169 0.000695086 0.892702
4.48169 0.000768143 0.892707
4.48169 0.000843027 0.892711
4.48169 0.000919784 0.892716
4.48169 0.000998459 0.892721
4.48169 0.0010791 0.892725
4.48169 0.00116176 0.89273
4.48169 0.00124648 0.892735
4.48169 0.00133333 0.89274
4.48169 0.00142234 0.892746
4.48169 0.00151358 0.892751
4.48169 0.0016071 0.892757
4.48169 0.00170296 0.892762
4.48169 0.00180121 0.892768
4.48169 0.00190192 0.892774
4.48169 0.00200515 0.89278
4.48169 0.00211096 0.892787
4.48169 0.00221941 0.892793
4.48169 0.00233058 0.8928
4.48169 0.00244452 0.892807
4.48169 0.00256132 0.892814
4.48169 0.00268103 0.892821
4.48169 0.00280374 0.892828
4.48169 0.00292951 0.892835
4.48169 0.00305843 0.892843
4.48169 0.00319057 0.892851
4.48169 0.00332602 0.892859
4.48169 0.00346485 0.892867
4.48169 0.00360715 0.892876
4.48169 0.00375301 0.892884
4.48169 0.00390251 0.892893
4.48169 0.00405576 0.892902
4.48169 0.00421283 0.892912
4.48169 0.00437383 0.892921
4.48169 0.00453886 0.892931
4.48169 0.00470801 0.892941
4.48169 0.00488139 0.892952
4.48169 0.00505911 0.892962
4.48169 0.00524127 0.892973
4.48169 0.00542798 0.892984
4.48169 0.00561936 0.892996
4.48169 0.00581552 0.893007
4.48169 0.00601659 0.893019
4.48169 0.00622269 0.893031
4.48169 0.00643393 0.893044
4.48169 0.00665046 0.893057
4.48169 0.0068724 0.89307
4.48169 0.00709989 0.893084
4.48169 0.00733307 0.893098
4.48169 0.00757208 0.893112
4.48169 0.00781706 0.893126
4.48169 0.00806817 0.893141
4.48169 0.00832555 0.893157
4.48169 0.00858937 0.893172
4.48169 0.00885979 0.893188
4.48169 0.00913696 0.893205
4.48169 0.00942107 0.893222
4.48169 0.00971227 0.893239
4.48169 0.0100108 0.893257
4.48169 0.0103167 0.893275
4.48169 0.0106303 0.893294
4.48169 0.0109517 0.893313
4.48169 0.0112812 0.893332
4.48169 0.0116189 0.893353
4.48169 0.0119651 0.893373
4.48169 0.0123199 0.893394
4.48169 0.0126836 0.893416
4.48169 0.0130563 0.893438
4.48169 0.0134384 0.893461
4.48169 0.0138301 0.893484
4.48169 0.0142315 0.893508
4.48169 0.014643 0.893533
4.48169 0.0150647 0.893558
4.48169 0.015497 0.893583
4.48169 0.0159401 0.89361
4.48169 0.0163943 0.893637
4.48169 0.0168599 0.893664
4.48169 0.017337 0.893693
4.48169 0.0178261 0.893722
4.48169 0.0183275 0.893752
4.48169 0.0188413 0.893782
4.48169 0.0193681 0.893814
4.48169 0.0199079 0.893846
4.48169 0.0204613 0.893878
4.48169 0.0210285 0.893912
4.48169 0.0216099 0.893946
4.48169 0.0222059 0.893982
4.48169 0.0228167 0.894018
4.48169 0.0234428 0.894055
4.48169 0.0240845 0.894093
4.48169 0.0247423 0.894132
4.48169 0.0254166 0.894172
4.48169 0.0261077 0.894213
4.48169 0.026816 0.894254
4.48169 0.0275421 0.894297
4.48169 0.0282863 0.894341
4.48169 0.0290492 0.894387
4.48169 0.0298311 0.894433
4.48169 0.0306325 0.89448
4.48169 0.031454 0.894529
4.48169 0.0322961 0.894579
4.48169 0.0331592 0.89463
4.48169 0.0340438 0.894682
4.48169 0.0349506 0.894736
4.48169 0.03588 0.894791
4.48169 0.0368327 0.894847
4.48169 0.0378092 0.894905
4.48169 0.0388101 0.894964
4.48169 0.0398361 0.895025
4.48169 0.0408876 0.895087
4.48169 0.0419655 0.895151
4.48169 0.0430703 0.895216
4.48169 0.0442028 0.895283
4.48169 0.0453635 0.895352
4.48169 0.0465533 0.895422
4.48169 0.0477728 0.895495
4.48169 0.0490228 0.895569
4.48169 0.050304 0.895644
4.48169 0.0516173 0.895722
4.48169 0.0529634 0.895802
4.48169 0.0543432 0.895883
4.48169 0.0557575 0.895967
4.48169 0.0572071 0.896053
4.48169 0.0586929 0.896141
4.48169 0.0602159 0.896231
4.48169 0.061777 0.896323
4.48169 0.0633771 0.896418
4.48169 0.0650172 0.896515
4.48169 0.0666984 0.896615
4.48169 0.0684215 0.896717
4.48169 0.0701877 0.896821
4.48169 0.0719981 0.896928
4.48169 0.0738537 0.897038
4.48169 0.0757557 0.897151
4.48169 0.0777053 0.897266
4.48169 0.0797036 0.897383
4.48169 0.0817519 0.897504
4.48169 0.0838514 0.897628
4.48169 0.0860033 0.897754
4.48169 0.0882091 0.897884
4.48169 0.09047 0.898017
4.48169 0.0927874 0.898153
4.48169 0.0951628 0.898293
4.48169 0.0975976 0.898436
4.48169 0.100093 0.898583
4.48169 0.102651 0.898734
4.48169 0.105273 0.898888
4.48169 0.107961 0.899046
4.48169 0.110715 0.899208
4.48169 0.113539 0.899375
4.48169 0.116433 0.899545
4.48169 0.1194 0.899719
4.48169 0.12244 0.899898
4.48169 0.125557 0.900082
4.48169 0.128752 0.90027
4.48169 0.132026 0.900462
4.48169 0.135382 0.90066
4.48169 0.138823 0.900862
4.48169 0.142349 0.901068
4.48169 0.145963 0.90128
4.48169 0.149668 0.901497
4.48169 0.153465 0.901719
4.48169 0.157358 0.901947
4.48169 0.161347 0.902181
4.48169 0.165437 0.90242
4.48169 0.169628 0.902666
4.48169 0.173925 0.902917
4.48169 0.178328 0.903175
4.48169 0.182842 0.90344
4.48169 0.187469 0.903711
4.48169 0.192211 0.903988
4.48169 0.197072 0.904273
4.48169 0.202055 0.904564
4.48169 0.207162 0.904861
4.48169 0.212397 0.905166
4.48169 0.217762 0.905479
4.48169 0.223262 0.905799
4.48169 0.228899 0.906128
4.48169 0.234677 0.906464
4.48169 0.2406 0.90681
4.48169 0.246671 0.907163
4.48169 0.252893 0.907526
4.48169 0.259271 0.907897
4.48169 0.265809 0.908277
4.48169 0.27251 0.908665
4.48169 0.279378 0.909063
4.48169 0.286418 0.909471
4.48169 0.293634 0.90989
4.48169 0.301031 0.910319
4.48169 0.308612 0.910758
4.48169 0.316383 0.911209
4.48169 0.324349 0.91167
4.48169 0.332513 0.912141
4.48169 0.340881 0.912624
4.48169 0.349459 0.913119
4.48169 0.358251 0.913627
4.48169 0.367263 0.914147
4.48169 0.376501 0.91468
4.48169 0.385969 0.915226
4.48169 0.395674 0.915785
4.48169 0.405621 0.916356
4.48169 0.415817 0.916942
4.48169 0.426268 0.917542
4.48169 0.436981 0.918157
4.48169 0.447961 0.918788
4.48169 0.459216 0.919434
4.48169 0.470752 0.920093
4.48169 0.482576 0.920768
4.48169 0.494696 0.921461
4.48169 0.507119 0.922171
4.48169 0.519853 0.922899
4.48169 0.532905 0.923642
4.48169 0.546283 0.924403
4.48169 0.559996 0.925183
4.48169 0.574052 0.925982
4.48169 0.588459 0.926802
4.48169 0.603226 0.92764
4.48169 0.618362 0.928497
4.48169 0.633877 0.929375
4.48169 0.64978 0.930276
4.48169 0.66608 0.931199
4.48169 0.682787 0.932141
4.48169 0.699913 0.933106
4.48169 0.717466 0.934095
4.48169 0.735459 0.935109
4.48169 0.753901 0.936145
4.48169 0.772804 0.937206
4.48169 0.79218 0.938293
4.48169 0.81204 0.939408
4.48169 0.832397 0.940546
4.48169 0.853262 0.941713
4.48169 0.874649 0.942908
4.48169 0.896571 0.944132
4.48169 0.919041 0.945383
4.48169 0.942073 0.946665
4.48169 0.965681 0.947979
4.48169 0.989878 0.949321
4.48169 1.01468 0.950696
4.48169 1.0401 0.952104
4.48169 1.06616 0.953545
4.48169 1.09287 0.955019
4.48169 1.12025 0.95653
4.48169 1.14831 0.958076
4.48169 1.17707 0.959657
4.48169 1.20656 0.961278
4.48169 1.23678 0.962936
4.48169 1.26775 0.964632
4.48169 1.2995 0.966371
4.48169 1.33204 0.968149
4.48169 1.3654 0.969968
4.48169 1.39959 0.971833
4.48169 1.43464 0.973738
4.48169 1.47056 0.97569
4.48169 1.50738 0.977689
4.48169 1.54512 0.979733
4.48169 1.5838 0.981828
4.48169 1.62345 0.983969
4.48169 1.6641 0.986163
4.48169 1.70575 0.988407
4.48169 1.74845 0.990704
4.48169 1.79222 0.993057
4.48169 1.83708 0.995462
4.48169 1.88306 0.997927
4.48169 1.9302 1.00045
4.48169 1.97851 1.00303
4.48169 2.02802 1.00567
4.48169 2.07878 1.00837
4.48169 2.13081 1.01114
4.48169 2.18413 1.01397
4.48169 2.23879 1.01687
4.48169 2.29482 1.01984
4.48169 2.35224 1.02287
4.48169 2.4111 1.02598
4.48169 2.47144 1.02916
4.48169 2.53328 1.03242
4.48169 2.59667 1.03575
4.48169 2.66164 1.03917
4.48169 2.72824 1.04266
4.48169 2.7965 1.04624
4.48169 2.86647 1.04989
4.48169 2.93818 1.05364
4.48169 3.01169 1.05748
4.48169 3.08704 1.0614
4.48169 3.16427 1.06542
4.48169 3.24344 1.06954
4.48169 3.32458 1.07375
4.48169 3.40775 1.07806
4.48169 3.493 1.08248
4.48169 3.58038 1.087
4.48169 3.66994 1.09163
4.48169 3.76175 1.09637
4.48169 3.85585 1.10122
4.48169 3.9523 1.10618
4.48169 4.05116 1.11127
4.48169 4.1525 1.11648
4.48169 4.25636 1.12181
4.48169 4.36283 1.12727
4.48169 4.47195 1.13286
4.48169 4.58381 1.13859
4.48169 4.69846 1.14446
4.48169 4.81598 1.15046
4.48169 4.93643 1.15661
4.48169 5.0599 1.16291
4.48169 5.18645 1.16936
4.48169 5.31617 1.17596
4.48169 5.44913 1.18273
4.48169 5.58541 1.18965
4.48169 5.7251 1.19675
4.48169 5.86829 1.20402
4.48169 6.01505 1.21146
4.48169 6.16548 1.21908
4.48169 6.31967 1.22689
4.48169 6.47772 1.23489
4.48169 6.63972 1.24309
4.48169 6.80577 1.25148
4.48169 6.97597 1.26007
4.48169 7.15042 1.26888
4.48169 7.32924 1.2779
4.48169 7.51253 1.28714
4.48169 7.7004 1.29661
4.48169 7.89296 1.3063
4.48169 8.09034 1.31624
4.48169 8.29266 1.32641
4.48169 8.50003 1.33684
4.48169 8.71258 1.34752
4.48169 8.93045 1.35846
4.48169 9.15377 1.36967
4.48169 9.38267 1.38115
4.48169 9.61729 1.39291
4.48169 9.85778 1.40496
4.48169 10.1043 1.41731
4.48169 10.3569 1.42995
4.48169 10.6159 1.44291
4.48169 10.8814 1.45619
4.48169 11.1535 1.46979
4.48169 11.4324 1.48372
4.48169 11.7182 1.49799
4.48169 12.0112 1.51262
4.48169 12.3116 1.5276
4.48169 12.6194 1.54295
4.48169 12.935 1.55868
4.48169 13.2584 1.57479
4.48169 13.5899 1.5913
4.48169 13.9297 1.60821
4.48169 14.278 1.62554
4.48169 14.635 1.64329
4.48169 15.0009 1.66148
4.48169 15.376 1.68011
4.48169 15.7605 1.6992
4.48169 16.1545 1.71877
4.48169 16.5585 1.73881
4.48169 16.9725 1.75934
4.48169 17.3969 1.78038
4.48169 17.8318 1.80194
4.48169 18.2777 1.82402
4.48169 18.7347 1.84665
4.48169 19.2031 1.86984
4.48169 19.6832 1.89359
4.48169 20.1754 1.91793
4.48169 20.6798 1.94287
4.48169 21.1969 1.96843
4.48169 21.7268 1.99461
4.48169 22.2701 2.02144
4.48169 22.8269 2.04892
4.48169 23.3976 2.07709
4.48169 23.9826 2.10595
4.48169 24.5822 2.13552
4.48169 25.1968 2.16582
4.48169 25.8268 2.19687
4.48169 26.4725 2.22868
4.48169 27.1344 2.26128
4.48169 27.8128 2.29468
4.48169 28.5082 2.32891
4.48169 29.2209 2.36398
4.48169 29.9515 2.39992
4.48169 30.7004 2.43675
4.48169 31.4679 2.47448
4.48169 32.2547 2.51315
4.48169 33.0611 2.55278
4.48169 33.8877 2.59338
4.48169 34.7349 2.63499
4.48169 35.6034 2.67763
4.48169 36.4935 2.72133
4.48169 37.4059 2.7661
4.48169 38.3411 2.81199
4.48169 39.2997 2.85901
4.48169 40.2822 2.90719
4.48169 41.2894 2.95657
4.48169 42.3216 3.00717
4.48169 43.3797 3.05903
4.48169 44.4643 3.11217
4.48169 45.576 3.16663
4.48169 46.7154 3.22244
4.48169 47.8833 3.27964
4.48169 49.0805 3.33825
4.48169 50.3076 3.39832
4.48169 51.5653 3.45988
4.48169 52.8545 3.52297
4.48169 54.1759 3.58762
4.48169 55.5304 3.65388
4.48169 56.9187 3.72179
4.48169 58.3417 3.79138
4.48169 59.8003 3.86271
4.48169 61.2954 3.9358
4.48169 62.8278 4.01071
4.48169 64.3986 4.08749
4.48169 66.0086 4.16617
4.48169 67.6588 4.24682
4.48169 69.3504 4.32946
4.48169 71.0842 4.41417
4.48169 72.8613 4.50098
4.48169 74.6829 4.58995
4.48169 76.5501 4.68114
4.48169 78.4639 4.7746
4.48169 80.4255 4.87038
4.48169 82.4362 4.96855
4.48169 84.4972 5.06916
4.48169 86.6097 5.17228
4.48169 88.775 5.27797
4.48169 90.9944 5.38629
4.48169 93.2693 5.49731
4.48169 95.6011 5.6111
4.48169 97.9912 5.72772
4.48169 100.441 5.84725
4.48169 102.952 5.96976
4.48169 105.526 6.09533
4.48169 108.164 6.22402
4.48169 110.868 6.35593
4.48169 113.64 6.49112
4.48169 116.481 6.62968
4.48169 119.393 6.77171
4.48169 122.378 6.91727
4.48169 125.438 7.06646
4.48169 128.574 7.21938
4.48169 131.788 7.37611
4.48169 135.083 7.53676
4.48169 138.46 7.70141
4.48169 141.921 7.87017
4.48169 145.47 8.04314
4.48169 149.106 8.22043
4.48169 152.834 8.40215
4.48169 156.655 8.5884
4.48169 160.571 8.7793
4.48169 164.586 8.97497
4.48169 168.7 9.17552
4.48169 172.918 9.38108
4.48169 177.241 9.59178
4.48169 181.672 9.80773
4.48169 186.214 10.0291
4.48169 190.869 10.2559
4.48169 195.641 10.4885
4.48169 200.532 10.7268
4.48169 205.546 10.9711
4.48169 210.684 11.2215
4.48169 215.951 11.4782
4.48169 221.35 11.7413
4.48169 226.884 12.0109
4.48169 232.556 12.2873
4.48169 238.37 12.5706
4.48169 244.329 12.8609
4.48169 250.438 13.1585
4.48169 256.699 13.4636
4.48169 263.116 13.7762
4.48169 269.694 14.0967
4.48169 276.437 14.4252
4.48169 283.348 14.7619
4.48169 290.431 15.107
4.48169 297.692 15.4607
4.48169 305.135 15.8233
4.48169 312.763 16.1949
4.48169 320.582 16.5759
4.48169 328.597 16.9663
4.48169 336.812 17.3665
4.48169 345.232 17.7767
4.48169 353.863 18.1971
4.48169 362.71 18.6281
4.48169 371.777 19.0698
4.48169 381.072 19.5226
4.48169 390.599 19.9866
4.48169 400.364 20.4623
4.48169 410.373 20.9499
4.48169 420.632 21.4496
4.48169 431.148 21.9619
4.48169 441.927 22.4869
4.48169 452.975 23.0251
4.48169 464.3 23.5767
4.48169 475.907 24.1421
4.48169 487.805 24.7216
4.48169 500 25.3157

